word	score
1	0
2	0
3	0
4	0
5	0
6	0
7	0
8	0
9	0
10	0
11	0
12	0
13	0
14	0
15	0
16	0
17	0
18	0
19	0
20	0
21	0
22	0
23	0
24	0
25	0
26	0
27	0
28	0
29	0
30	0
31	0
32	0
33	0
34	0
35	0
36	0
37	0
38	0
39	0
40	0
41	0
42	0
43	0
44	0
45	0
46	0
47	0
48	0
49	0
50	0
51	0
52	0
53	0
54	0
55	0
56	0
57	0
58	0
59	0
60	0
61	0
62	0
63	0
64	0
65	0
66	0
67	0
68	0
69	0
70	0
71	0
72	0
73	0
74	0
75	0
76	0
77	0
78	0
79	-1
80	-1
81	-1
82	-1
83	-1
84	-1
85	-1
86	-1
87	-1
88	-1
89	-1
90	-1
91	-1
92	-1
93	-2
94	-2
95	-2
96	-2
97	-2
98	-2
99	-2
100	-2
101	-2
102	-2
103	-2
104	-2
105	-2
106	-2
107	-2
108	-3
109	-3
110	-3
111	-3
112	-3
113	-3
114	-3
115	-3
116	-3
117	-3
118	-3
119	-3
120	-3
121	-3
122	-3
123	-3
124	-3
125	-3
126	-3
127	-3
128	-3
129	-3
130	-3
131	-3
132	-3
133	-3
134	-3
135	-3
136	-3
137	-3
138	-3
139	-3
140	-3
141	-3
142	-3
143	-3
144	-3
145	-3
146	-3
147	-3
148	-3
149	-3
150	-3
151	-3
152	-3
153	-3
154	-4
155	-4
156	-4
157	-4
158	-4
159	-4
160	-4
161	-4
162	-4
163	-4
164	-4
165	-4
166	-4
167	-4
168	-4
169	-4
170	-4
171	-4
172	-4
173	-4
174	-4
175	-4
176	-4
177	-4
178	-4
179	-4
180	-4
181	-4
182	-4
183	-4
184	-4
185	-4
186	-4
187	-4
188	-4
189	-4
190	-4
191	-4
192	-4
193	-4
194	-4
195	-4
196	-4
197	-4
198	-4
199	-4
200	-4
201	-4
202	-4
203	-3
204	-3
205	-2
206	-2
207	-2
208	-2
209	-2
210	-2
211	-2
212	-2
213	-2
214	-2
215	-2
216	-2
217	-2
218	-2
219	-2
220	-2
221	-2
222	-2
223	-2
224	-2
225	-2
226	-2
227	-2
228	-2
229	-2
230	-2
231	-2
232	-2
233	-2
234	-2
235	-2
236	-2
237	-2
238	-2
239	-2
240	-2
241	-2
242	-3
243	-3
244	-3
245	-3
246	-3
247	-3
248	-3
249	-3
250	-3
251	-3
252	-3
253	-3
254	-3
255	-3
256	-3
257	-3
258	-3
259	-3
260	-3
261	-3
262	-3
263	-3
264	-3
265	-3
266	-3
267	-3
268	-3
269	-3
270	-3
271	-3
272	-3
273	-3
274	-3
275	-3
276	-3
277	-3
278	-3
279	-3
280	-3
281	-3
282	-3
283	-3
284	-3
285	-3
286	-3
287	-3
288	-3
289	-3
290	-3
291	-3
292	-3
293	-3
294	-3
295	-3
296	-3
297	-3
298	-3
299	-3
300	-3
301	-3
302	-3
303	-3
304	-3
305	-3
306	-3
307	-3
308	-3
309	-3
310	-3
311	-3
312	-3
313	-3
314	-3
315	-3
316	-3
317	-3
318	-3
319	-3
320	-3
321	-3
322	-3
323	-3
324	-3
325	-3
326	-3
327	-3
328	-3
329	-3
330	-3
331	-3
332	-3
333	-3
334	-3
335	-3
336	-3
337	-3
338	-3
339	-3
340	-3
341	-3
342	-3
343	-3
344	-3
345	-3
346	-3
347	-3
348	-3
349	-3
350	-3
351	-3
352	-3
353	-3
354	-3
355	-3
356	-3
357	-3
358	-3
359	-3
360	-3
361	-3
362	-3
363	-3
364	-3
365	-4
366	-4
367	-4
368	-4
369	-4
370	-4
371	-4
372	-4
373	-4
374	-4
375	-4
376	-4
377	-4
378	-4
379	-4
380	-4
381	-4
382	-4
383	-4
384	-4
385	-4
386	-4
387	-4
388	-4
389	-4
390	-4
391	-4
392	-4
393	-4
394	-4
395	-4
396	-4
397	-4
398	-4
399	-4
400	-4
401	-4
402	-4
403	-4
404	-4
405	-4
406	-4
407	-4
408	-4
409	-4
410	-4
411	-5
412	-5
413	-5
414	-5
415	-5
416	-6
417	-6
418	-6
419	-6
420	-6
421	-6
422	-6
423	-6
424	-6
425	-6
426	-6
427	-6
428	-6
429	-6
430	-6
431	-6
432	-6
433	-6
434	-6
435	-6
436	-6
437	-6
438	-6
439	-6
440	-6
441	-6
442	-6
443	-6
444	-6
445	-6
446	-6
447	-6
448	-6
449	-7
450	-7
451	-7
452	-7
453	-7
454	-7
455	-7
456	-7
457	-7
458	-7
459	-7
460	-7
461	-7
462	-7
463	-7
464	-7
465	-7
466	-7
467	-7
468	-7
469	-7
470	-7
471	-7
472	-7
473	-7
474	-7
475	-7
476	-7
477	-7
478	-7
479	-7
480	-7
481	-7
482	-7
483	-7
484	-7
485	-7
486	-7
487	-7
488	-7
489	-7
490	-7
491	-7
492	-7
493	-7
494	-7
495	-7
496	-7
497	-7
498	-7
499	-7
500	-7
501	-7
502	-7
503	-7
504	-7
505	-7
506	-7
507	-7
508	-7
509	-7
510	-7
511	-7
512	-7
513	-7
514	-7
515	-7
516	-7
517	-7
518	-7
519	-7
520	-7
521	-7
522	-7
523	-7
524	-7
525	-7
526	-7
527	-7
528	-7
529	-7
530	-7
531	-7
532	-7
533	-7
534	-7
535	-7
536	-7
537	-7
538	-7
539	-7
540	-7
541	-7
542	-7
543	-7
544	-7
545	-7
546	-7
547	-7
548	-7
549	-7
550	-7
551	-7
552	-7
553	-7
554	-7
555	-7
556	-7
557	-7
558	-7
559	-7
560	-7
561	-7
562	-7
563	-7
564	-7
565	-7
566	-6
567	-6
568	-6
569	-6
570	-6
571	-6
572	-6
573	-6
574	-6
575	-6
576	-6
577	-6
578	-6
579	-6
580	-6
581	-6
582	-6
583	-6
584	-6
585	-6
586	-6
587	-6
588	-6
589	-6
590	-6
591	-6
592	-6
593	-6
594	-6
595	-6
596	-6
597	-6
598	-6
599	-6
600	-6
601	-6
602	-6
603	-6
604	-6
605	-6
606	-6
607	-6
608	-6
609	-6
610	-6
611	-6
612	-6
613	-6
614	-6
615	-6
616	-6
617	-6
618	-6
619	-6
620	-6
621	-6
622	-6
623	-6
624	-6
625	-6
626	-6
627	-6
628	-6
629	-6
630	-6
631	-6
632	-6
633	-6
634	-6
635	-6
636	-6
637	-6
638	-6
639	-6
640	-6
641	-6
642	-6
643	-6
644	-6
645	-6
646	-6
647	-6
648	-6
649	-6
650	-6
651	-6
652	-6
653	-6
654	-6
655	-6
656	-6
657	-6
658	-6
659	-6
660	-6
661	-6
662	-6
663	-6
664	-6
665	-6
666	-6
667	-6
668	-6
669	-6
670	-6
671	-6
672	-6
673	-6
674	-6
675	-6
676	-6
677	-6
678	-6
679	-6
680	-6
681	-6
682	-6
683	-6
684	-6
685	-6
686	-6
687	-6
688	-6
689	-6
690	-6
691	-6
692	-6
693	-6
694	-6
695	-6
696	-6
697	-6
698	-6
699	-6
700	-6
701	-6
702	-6
703	-6
704	-6
705	-6
706	-6
707	-6
708	-6
709	-6
710	-6
711	-6
712	-6
713	-6
714	-6
715	-6
716	-6
717	-6
718	-6
719	-6
720	-6
721	-6
722	-6
723	-6
724	-6
725	-6
726	-6
727	-6
728	-6
729	-6
730	-6
731	-6
732	-6
733	-6
734	-6
735	-6
736	-6
737	-6
738	-6
739	-6
740	-6
741	-6
742	-6
743	-6
744	-6
745	-6
746	-6
747	-6
748	-6
749	-6
750	-6
751	-6
752	-6
753	-6
754	-6
755	-6
756	-6
757	-6
758	-6
759	-6
760	-6
761	-6
762	-6
763	-6
764	-6
765	-6
766	-6
767	-6
768	-6
769	-6
770	-6
771	-6
772	-6
773	-6
774	-6
775	-6
776	-6
777	-6
778	-6
779	-6
780	-6
781	-6
782	-6
783	-6
784	-6
785	-6
786	-6
787	-6
788	-6
789	-6
790	-6
791	-6
792	-6
793	-6
794	-6
795	-6
796	-6
797	-6
798	-6
799	-6
800	-6
801	-7
802	-7
803	-7
804	-7
805	-7
806	-7
807	-7
808	-7
809	-7
810	-7
811	-7
812	-7
813	-7
814	-7
815	-7
816	-7
817	-7
818	-7
819	-7
820	-7
821	-7
822	-7
823	-7
824	-7
825	-7
826	-7
827	-7
828	-8
829	-8
830	-8
831	-8
832	-8
833	-8
834	-8
835	-8
836	-8
837	-8
838	-8
839	-8
840	-8
841	-8
842	-8
843	-8
844	-8
845	-8
846	-8
847	-8
848	-8
849	-8
850	-8
851	-8
852	-8
853	-8
854	-8
855	-8
856	-8
857	-8
858	-8
859	-8
860	-8
861	-8
862	-8
863	-8
864	-8
865	-8
866	-8
867	-8
868	-8
869	-8
870	-8
871	-8
872	-8
873	-8
874	-8
875	-8
876	-8
877	-8
878	-8
879	-8
880	-8
881	-8
882	-8
883	-8
884	-8
885	-8
886	-8
887	-8
888	-8
889	-8
890	-8
891	-8
892	-8
893	-8
894	-8
895	-8
896	-8
897	-8
898	-8
899	-8
900	-8
901	-8
902	-8
903	-8
904	-8
905	-8
906	-8
907	-8
908	-8
909	-8
910	-8
911	-9
912	-9
913	-9
914	-9
915	-9
916	-9
917	-9
918	-9
919	-9
920	-9
921	-9
922	-9
923	-9
924	-9
925	-9
926	-9
927	-9
928	-9
929	-9
930	-9
931	-9
932	-9
933	-9
934	-9
935	-9
936	-9
937	-9
938	-9
939	-9
940	-9
941	-10
942	-10
943	-10
944	-10
945	-10
946	-10
947	-10
948	-10
949	-10
950	-10
951	-10
952	-10
953	-10
954	-10
955	-10
956	-10
957	-10
958	-10
959	-10
960	-10
961	-10
962	-10
963	-10
964	-10
965	-10
966	-10
967	-10
968	-10
969	-10
970	-10
971	-10
972	-10
973	-10
974	-10
975	-10
976	-10
977	-10
978	-10
979	-10
980	-10
981	-10
982	-10
983	-10
984	-10
985	-10
986	-10
987	-10
988	-10
989	-10
990	-10
991	-10
992	-10
993	-10
994	-10
995	-10
996	-10
997	-10
998	-10
999	-10
1000	-10
1001	-10
1002	-10
1003	-10
1004	-10
1005	-10
1006	-10
1007	-10
1008	-10
1009	-10
1010	-10
1011	-10
1012	-10
1013	-10
1014	-10
1015	-10
1016	-10
1017	-10
1018	-10
1019	-10
1020	-10
1021	-10
1022	-10
1023	-10
1024	-10
1025	-10
1026	-10
1027	-10
1028	-10
1029	-10
1030	-10
1031	-10
1032	-10
1033	-10
1034	-10
1035	-10
1036	-10
1037	-10
1038	-10
1039	-10
1040	-10
1041	-10
1042	-10
1043	-10
1044	-10
1045	-10
1046	-10
1047	-10
1048	-10
1049	-10
1050	-10
1051	-10
1052	-10
1053	-10
1054	-10
1055	-10
1056	-10
1057	-10
1058	-10
1059	-10
1060	-10
1061	-10
1062	-10
1063	-10
1064	-10
1065	-10
1066	-10
1067	-10
1068	-10
1069	-10
1070	-10
1071	-10
1072	-10
1073	-10
1074	-10
1075	-10
1076	-10
1077	-10
1078	-10
1079	-10
1080	-10
1081	-10
1082	-10
1083	-10
1084	-10
1085	-10
1086	-10
1087	-10
1088	-10
1089	-10
1090	-10
1091	-10
1092	-10
1093	-10
1094	-10
1095	-10
1096	-10
1097	-10
1098	-10
1099	-10
1100	-10
1101	-10
1102	-10
1103	-10
1104	-10
1105	-10
1106	-10
1107	-10
1108	-10
1109	-10
1110	-10
1111	-10
1112	-10
1113	-10
1114	-10
1115	-10
1116	-10
1117	-10
1118	-10
1119	-10
1120	-10
1121	-10
1122	-10
1123	-10
1124	-10
1125	-10
1126	-10
1127	-10
1128	-10
1129	-10
1130	-10
1131	-10
1132	-10
1133	-10
1134	-10
1135	-10
1136	-10
1137	-10
1138	-10
1139	-10
1140	-10
1141	-10
1142	-10
1143	-10
1144	-10
1145	-10
1146	-10
1147	-10
1148	-10
1149	-10
1150	-10
1151	-10
1152	-10
1153	-10
1154	-10
1155	-10
1156	-10
1157	-10
1158	-10
1159	-10
1160	-10
1161	-10
1162	-10
1163	-10
1164	-10
1165	-10
1166	-10
1167	-10
1168	-10
1169	-10
1170	-10
1171	-10
1172	-10
1173	-10
1174	-10
1175	-10
1176	-10
1177	-10
1178	-10
1179	-10
1180	-10
1181	-10
1182	-10
1183	-10
1184	-10
1185	-10
1186	-10
1187	-10
1188	-10
1189	-10
1190	-10
1191	-10
1192	-10
1193	-10
1194	-10
1195	-10
1196	-10
1197	-10
1198	-10
1199	-10
1200	-10
1201	-10
1202	-10
1203	-10
1204	-10
1205	-10
1206	-10
1207	-10
1208	-10
1209	-10
1210	-10
1211	-10
1212	-10
1213	-10
1214	-10
1215	-10
1216	-10
1217	-10
1218	-10
1219	-10
1220	-10
1221	-10
1222	-10
1223	-10
1224	-10
1225	-10
1226	-10
1227	-10
1228	-10
1229	-10
1230	-10
1231	-10
1232	-10
1233	-10
1234	-10
1235	-10
1236	-10
1237	-10
1238	-10
1239	-10
1240	-10
1241	-10
1242	-10
1243	-10
1244	-10
1245	-10
1246	-10
1247	-10
1248	-10
1249	-10
1250	-10
1251	-10
1252	-10
1253	-10
1254	-10
1255	-10
1256	-10
1257	-10
1258	-10
1259	-10
1260	-10
1261	-10
1262	-10
1263	-10
1264	-10
1265	-10
1266	-10
1267	-10
1268	-10
1269	-10
1270	-10
1271	-10
1272	-10
1273	-10
1274	-10
1275	-10
1276	-10
1277	-10
1278	-10
1279	-10
1280	-10
1281	-10
1282	-10
1283	-10
1284	-10
1285	-10
1286	-10
1287	-10
1288	-10
1289	-10
1290	-10
1291	-10
1292	-10
1293	-10
1294	-10
1295	-10
1296	-10
1297	-10
1298	-10
1299	-10
1300	-10
1301	-10
1302	-10
1303	-10
1304	-10
1305	-10
1306	-10
1307	-10
1308	-10
1309	-10
1310	-10
1311	-10
1312	-10
1313	-10
1314	-10
1315	-10
1316	-10
1317	-10
1318	-10
1319	-10
1320	-10
1321	-10
1322	-10
1323	-10
1324	-10
1325	-10
1326	-10
1327	-10
1328	-10
1329	-10
1330	-10
1331	-10
1332	-10
1333	-10
1334	-10
1335	-10
1336	-10
1337	-10
1338	-10
1339	-10
1340	-10
1341	-10
1342	-10
1343	-10
1344	-10
1345	-10
1346	-10
1347	-10
1348	-10
1349	-10
1350	-10
1351	-10
1352	-10
1353	-10
1354	-10
1355	-10
1356	-10
1357	-10
1358	-10
1359	-10
1360	-10
1361	-10
1362	-10
1363	-10
1364	-10
1365	-10
1366	-10
1367	-10
1368	-10
1369	-10
1370	-10
1371	-10
1372	-10
1373	-10
1374	-10
1375	-10
1376	-10
1377	-10
1378	-10
1379	-10
1380	-10
1381	-10
1382	-10
1383	-10
1384	-10
1385	-10
1386	-10
1387	-10
1388	-10
1389	-10
1390	-10
1391	-10
1392	-10
1393	-10
1394	-10
1395	-10
1396	-10
1397	-10
1398	-10
1399	-10
1400	-10
1401	-10
1402	-10
1403	-10
1404	-10
1405	-10
1406	-10
1407	-10
1408	-10
1409	-10
1410	-10
1411	-10
1412	-10
1413	-10
1414	-10
1415	-10
1416	-10
1417	-10
1418	-10
1419	-10
1420	-10
1421	-10
1422	-10
1423	-10
1424	-10
1425	-10
1426	-10
1427	-10
1428	-10
1429	-10
1430	-10
1431	-10
1432	-10
1433	-10
1434	-10
1435	-10
1436	-10
1437	-10
1438	-10
1439	-10
1440	-10
1441	-10
1442	-10
1443	-10
1444	-10
1445	-10
1446	-10
1447	-10
1448	-10
1449	-10
1450	-10
1451	-10
1452	-10
1453	-10
1454	-10
1455	-10
1456	-9
1457	-9
1458	-9
1459	-9
1460	-9
1461	-9
1462	-9
1463	-9
1464	-9
1465	-9
1466	-9
1467	-9
1468	-9
1469	-9
1470	-9
1471	-9
1472	-9
1473	-9
1474	-9
1475	-9
1476	-9
1477	-9
1478	-9
1479	-9
1480	-9
1481	-9
1482	-9
1483	-9
1484	-9
1485	-9
1486	-9
1487	-9
1488	-9
1489	-9
1490	-9
1491	-9
1492	-9
1493	-9
1494	-9
1495	-9
1496	-9
1497	-9
1498	-9
1499	-9
1500	-9
1501	-9
1502	-9
1503	-9
1504	-9
1505	-9
1506	-9
1507	-9
1508	-9
1509	-9
1510	-9
1511	-9
1512	-9
1513	-9
1514	-9
1515	-9
1516	-9
1517	-9
1518	-9
1519	-9
1520	-9
1521	-9
1522	-9
1523	-9
1524	-9
1525	-9
1526	-9
1527	-9
1528	-9
1529	-9
1530	-9
1531	-9
1532	-9
1533	-9
1534	-9
1535	-9
1536	-9
1537	-9
1538	-9
1539	-9
1540	-9
1541	-9
1542	-9
1543	-9
1544	-9
1545	-9
1546	-9
1547	-9
1548	-9
1549	-9
1550	-9
1551	-9
1552	-9
1553	-9
1554	-9
1555	-9
1556	-9
1557	-9
1558	-9
1559	-9
1560	-9
1561	-9
1562	-9
1563	-10
1564	-10
1565	-10
1566	-10
1567	-10
1568	-10
1569	-10
1570	-10
1571	-10
1572	-10
1573	-10
1574	-10
1575	-10
1576	-10
1577	-10
1578	-10
1579	-10
1580	-10
1581	-10
1582	-10
1583	-10
1584	-10
1585	-10
1586	-10
1587	-10
1588	-10
1589	-10
1590	-10
1591	-10
1592	-10
1593	-10
1594	-10
1595	-10
1596	-10
1597	-10
1598	-10
1599	-10
1600	-10
1601	-10
1602	-10
1603	-10
1604	-10
1605	-10
1606	-10
1607	-10
1608	-10
1609	-10
1610	-10
1611	-10
1612	-10
1613	-10
1614	-10
1615	-10
1616	-10
1617	-10
1618	-10
1619	-10
1620	-10
1621	-10
1622	-10
1623	-10
1624	-10
1625	-10
1626	-10
1627	-10
1628	-10
1629	-10
1630	-10
1631	-10
1632	-10
1633	-10
1634	-10
1635	-10
1636	-10
1637	-10
1638	-10
1639	-11
1640	-11
1641	-11
1642	-11
1643	-11
1644	-11
1645	-11
1646	-11
1647	-11
1648	-11
1649	-11
1650	-11
1651	-11
1652	-11
1653	-11
1654	-11
1655	-11
1656	-11
1657	-11
1658	-11
1659	-11
1660	-11
1661	-11
1662	-11
1663	-11
1664	-11
1665	-11
1666	-11
1667	-11
1668	-11
1669	-11
1670	-11
1671	-11
1672	-11
1673	-11
1674	-11
1675	-11
1676	-11
1677	-11
1678	-11
1679	-11
1680	-11
1681	-11
1682	-11
1683	-11
1684	-11
1685	-11
1686	-11
1687	-11
1688	-11
1689	-11
1690	-11
1691	-11
1692	-11
1693	-11
1694	-11
1695	-11
1696	-11
1697	-11
1698	-11
1699	-11
1700	-11
1701	-11
1702	-11
1703	-11
1704	-11
1705	-11
1706	-11
1707	-11
1708	-11
1709	-11
1710	-11
1711	-11
1712	-11
1713	-11
1714	-11
1715	-11
1716	-11
1717	-11
1718	-11
1719	-11
1720	-11
1721	-11
1722	-11
1723	-11
1724	-11
1725	-11
1726	-11
1727	-11
1728	-11
1729	-11
1730	-11
1731	-11
1732	-11
1733	-11
1734	-11
1735	-11
1736	-11
1737	-11
1738	-11
1739	-11
1740	-11
1741	-11
1742	-11
1743	-11
1744	-11
1745	-11
1746	-11
1747	-11
1748	-11
1749	-11
1750	-11
1751	-11
1752	-11
1753	-11
1754	-11
1755	-11
1756	-11
1757	-11
1758	-11
1759	-11
1760	-11
1761	-11
1762	-11
1763	-11
1764	-11
1765	-11
1766	-11
1767	-11
1768	-11
1769	-11
1770	-11
1771	-11
1772	-11
1773	-11
1774	-11
1775	-11
1776	-11
1777	-11
1778	-11
1779	-11
1780	-11
1781	-11
1782	-11
1783	-11
1784	-11
1785	-11
1786	-11
1787	-11
1788	-11
1789	-11
1790	-11
1791	-11
1792	-11
1793	-11
1794	-11
1795	-11
1796	-11
1797	-11
1798	-11
1799	-11
1800	-11
1801	-11
1802	-11
1803	-11
1804	-11
1805	-11
1806	-11
1807	-11
1808	-11
1809	-11
1810	-11
1811	-11
1812	-11
1813	-11
1814	-11
1815	-11
1816	-11
1817	-11
1818	-11
1819	-11
1820	-11
1821	-11
1822	-11
1823	-11
1824	-11
1825	-11
1826	-11
1827	-11
1828	-12
1829	-12
1830	-12
1831	-12
1832	-12
1833	-12
1834	-12
1835	-12
1836	-12
1837	-12
1838	-12
1839	-12
1840	-12
1841	-12
1842	-12
1843	-12
1844	-12
1845	-12
1846	-12
1847	-12
1848	-12
1849	-12
1850	-12
1851	-12
1852	-12
1853	-12
1854	-12
1855	-12
1856	-12
1857	-12
1858	-12
1859	-12
1860	-12
1861	-12
1862	-12
1863	-12
1864	-12
1865	-12
1866	-12
1867	-12
1868	-12
1869	-12
1870	-12
1871	-12
1872	-12
1873	-12
1874	-12
1875	-12
1876	-12
1877	-12
1878	-12
1879	-12
1880	-12
1881	-12
1882	-12
1883	-12
1884	-12
1885	-12
1886	-12
1887	-12
1888	-12
1889	-12
1890	-12
1891	-12
1892	-12
1893	-12
1894	-12
1895	-12
1896	-12
1897	-12
1898	-12
1899	-12
1900	-12
1901	-12
1902	-12
1903	-12
1904	-12
1905	-12
1906	-12
1907	-12
1908	-12
1909	-12
1910	-12
1911	-12
1912	-12
1913	-12
1914	-12
1915	-12
1916	-12
1917	-12
1918	-12
1919	-12
1920	-12
1921	-12
1922	-12
1923	-12
1924	-12
1925	-12
1926	-12
1927	-12
1928	-12
1929	-12
1930	-12
1931	-12
1932	-12
1933	-12
1934	-12
1935	-12
1936	-12
1937	-12
1938	-12
1939	-12
1940	-12
1941	-12
1942	-12
1943	-12
1944	-12
1945	-12
1946	-12
1947	-11
1948	-11
1949	-11
1950	-11
1951	-11
1952	-11
1953	-11
1954	-11
1955	-11
1956	-11
1957	-11
1958	-11
1959	-11
1960	-11
1961	-11
1962	-11
1963	-11
1964	-11
1965	-11
1966	-11
1967	-11
1968	-11
1969	-11
1970	-11
1971	-11
1972	-11
1973	-11
1974	-11
1975	-11
1976	-11
1977	-11
1978	-11
1979	-11
1980	-11
1981	-11
1982	-11
1983	-11
1984	-11
1985	-11
1986	-11
1987	-11
1988	-11
1989	-11
1990	-11
1991	-10
1992	-10
1993	-10
1994	-10
1995	-10
1996	-10
1997	-10
1998	-10
1999	-10
2000	-10
2001	-10
2002	-10
2003	-10
2004	-10
2005	-10
2006	-10
2007	-10
2008	-10
2009	-10
2010	-10
2011	-10
2012	-10
2013	-10
2014	-10
2015	-10
2016	-10
2017	-10
2018	-10
2019	-10
2020	-10
2021	-10
2022	-10
2023	-10
2024	-10
2025	-10
2026	-10
2027	-10
2028	-10
2029	-10
2030	-10
2031	-10
2032	-10
2033	-10
2034	-10
2035	-10
2036	-10
2037	-10
2038	-10
2039	-10
2040	-10
2041	-10
2042	-10
2043	-10
2044	-10
2045	-10
2046	-10
2047	-10
2048	-10
2049	-10
2050	-10
2051	-10
2052	-10
2053	-10
2054	-10
2055	-10
2056	-10
2057	-10
2058	-10
2059	-10
2060	-10
2061	-10
2062	-10
2063	-10
2064	-10
2065	-10
2066	-10
2067	-10
2068	-10
2069	-10
2070	-10
2071	-10
2072	-10
2073	-10
2074	-10
2075	-10
2076	-10
2077	-10
2078	-10
2079	-10
2080	-10
2081	-10
2082	-10
2083	-10
2084	-10
2085	-10
2086	-10
2087	-10
2088	-10
2089	-10
2090	-10
2091	-10
2092	-10
2093	-10
2094	-10
2095	-10
2096	-10
2097	-10
2098	-10
2099	-10
2100	-10
2101	-10
2102	-10
2103	-10
2104	-10
2105	-10
2106	-10
2107	-10
2108	-10
2109	-10
2110	-10
2111	-10
2112	-10
2113	-10
2114	-10
2115	-10
2116	-10
2117	-10
2118	-10
2119	-10
2120	-10
2121	-10
2122	-10
2123	-10
2124	-10
2125	-10
2126	-10
2127	-10
2128	-10
2129	-10
2130	-10
2131	-10
2132	-10
2133	-10
2134	-10
2135	-10
2136	-10
2137	-9
2138	-9
2139	-9
2140	-9
2141	-9
2142	-9
2143	-9
2144	-9
2145	-9
2146	-9
2147	-9
2148	-9
2149	-9
2150	-9
2151	-9
2152	-9
2153	-9
2154	-9
2155	-9
2156	-9
2157	-9
2158	-10
2159	-10
2160	-10
2161	-10
2162	-10
2163	-10
2164	-10
2165	-10
2166	-10
2167	-10
2168	-10
2169	-10
2170	-10
2171	-10
2172	-10
2173	-10
2174	-10
2175	-10
2176	-10
2177	-10
2178	-10
2179	-10
2180	-10
2181	-10
2182	-10
2183	-10
2184	-10
2185	-10
2186	-10
2187	-10
2188	-10
2189	-10
2190	-10
2191	-10
2192	-10
2193	-10
2194	-10
2195	-10
2196	-10
2197	-10
2198	-10
2199	-10
2200	-10
2201	-10
2202	-10
2203	-10
2204	-10
2205	-10
2206	-10
2207	-10
2208	-10
2209	-10
2210	-10
2211	-10
2212	-10
2213	-10
2214	-10
2215	-10
2216	-10
2217	-10
2218	-10
2219	-10
2220	-10
2221	-10
2222	-10
2223	-10
2224	-10
2225	-10
2226	-10
2227	-10
2228	-10
2229	-10
2230	-10
2231	-10
2232	-10
2233	-10
2234	-10
2235	-10
2236	-10
2237	-10
2238	-10
2239	-10
2240	-10
2241	-10
2242	-10
2243	-10
2244	-10
2245	-10
2246	-10
2247	-10
2248	-9
2249	-9
2250	-9
2251	-8
2252	-8
2253	-8
2254	-8
2255	-8
2256	-8
2257	-8
2258	-8
2259	-8
2260	-8
2261	-8
2262	-8
2263	-8
2264	-8
2265	-8
2266	-8
2267	-8
2268	-8
2269	-8
2270	-8
2271	-8
2272	-8
2273	-8
2274	-8
2275	-8
2276	-8
2277	-8
2278	-8
2279	-8
2280	-8
2281	-8
2282	-8
2283	-8
2284	-8
2285	-8
2286	-8
2287	-8
2288	-8
2289	-8
2290	-8
2291	-8
2292	-8
2293	-8
2294	-8
2295	-8
2296	-8
2297	-8
2298	-8
2299	-8
2300	-8
2301	-8
2302	-8
2303	-8
2304	-8
2305	-8
2306	-8
2307	-8
2308	-8
2309	-8
2310	-8
2311	-8
2312	-8
2313	-8
2314	-8
2315	-8
2316	-8
2317	-8
2318	-8
2319	-8
2320	-8
2321	-8
2322	-8
2323	-8
2324	-8
2325	-8
2326	-8
2327	-8
2328	-8
2329	-8
2330	-8
2331	-8
2332	-8
2333	-8
2334	-8
2335	-8
2336	-8
2337	-8
2338	-8
2339	-8
2340	-8
2341	-8
2342	-8
2343	-8
2344	-8
2345	-8
2346	-8
2347	-8
2348	-8
2349	-8
2350	-8
2351	-8
2352	-8
2353	-8
2354	-8
2355	-8
2356	-8
2357	-8
2358	-8
2359	-8
2360	-8
2361	-8
2362	-8
2363	-8
2364	-8
2365	-8
2366	-8
2367	-8
2368	-8
2369	-8
2370	-8
2371	-8
2372	-8
2373	-8
2374	-8
2375	-8
2376	-8
2377	-8
2378	-8
2379	-8
2380	-8
2381	-8
2382	-8
2383	-8
2384	-8
2385	-8
2386	-8
2387	-8
2388	-8
2389	-8
2390	-8
2391	-8
2392	-8
2393	-8
2394	-8
2395	-8
2396	-8
2397	-8
2398	-8
2399	-8
2400	-8
2401	-8
2402	-8
2403	-8
2404	-8
2405	-8
2406	-8
2407	-8
2408	-8
2409	-8
2410	-8
2411	-8
2412	-8
2413	-8
2414	-8
2415	-8
2416	-9
2417	-9
2418	-9
2419	-9
2420	-9
2421	-9
2422	-9
2423	-9
2424	-9
2425	-9
2426	-9
2427	-9
2428	-9
2429	-9
2430	-9
2431	-9
2432	-9
2433	-9
2434	-9
2435	-9
2436	-9
2437	-9
2438	-9
2439	-9
2440	-9
2441	-9
2442	-9
2443	-9
2444	-9
2445	-9
2446	-9
2447	-9
2448	-9
2449	-9
2450	-9
2451	-9
2452	-9
2453	-9
2454	-9
2455	-9
2456	-8
2457	-8
2458	-8
2459	-8
2460	-8
2461	-8
2462	-8
2463	-8
2464	-8
2465	-8
2466	-8
2467	-8
2468	-8
2469	-8
2470	-8
2471	-8
2472	-8
2473	-8
2474	-8
2475	-8
2476	-8
2477	-8
2478	-8
2479	-8
2480	-8
2481	-8
2482	-8
2483	-8
2484	-8
2485	-8
2486	-8
2487	-8
2488	-8
2489	-8
2490	-8
2491	-8
2492	-8
2493	-8
2494	-8
2495	-8
2496	-8
2497	-8
2498	-8
2499	-8
2500	-8
2501	-8
2502	-8
2503	-8
2504	-8
2505	-8
2506	-8
2507	-8
2508	-8
2509	-8
2510	-8
2511	-8
2512	-8
2513	-8
2514	-8
2515	-8
2516	-8
2517	-8
2518	-8
2519	-8
2520	-8
2521	-8
2522	-8
2523	-8
2524	-8
2525	-8
2526	-8
2527	-8
2528	-8
2529	-8
2530	-8
2531	-8
2532	-8
2533	-8
2534	-8
2535	-8
2536	-8
2537	-8
2538	-8
2539	-8
2540	-8
2541	-8
2542	-8
2543	-8
2544	-8
2545	-8
2546	-8
2547	-8
2548	-8
2549	-8
2550	-8
2551	-8
2552	-8
2553	-8
2554	-8
2555	-8
2556	-8
2557	-8
2558	-8
2559	-8
2560	-8
2561	-8
2562	-8
2563	-8
2564	-8
2565	-8
2566	-8
2567	-8
2568	-8
2569	-8
2570	-8
2571	-7
2572	-7
2573	-7
2574	-7
2575	-7
2576	-7
2577	-7
2578	-7
2579	-7
2580	-7
2581	-7
2582	-7
2583	-7
2584	-7
2585	-7
2586	-7
2587	-7
2588	-7
2589	-7
2590	-7
2591	-7
2592	-7
2593	-7
2594	-7
2595	-7
2596	-7
2597	-7
2598	-7
2599	-7
2600	-7
2601	-7
2602	-7
2603	-7
2604	-7
2605	-7
2606	-7
2607	-7
2608	-7
2609	-7
2610	-7
2611	-7
2612	-7
2613	-7
2614	-7
2615	-7
2616	-7
2617	-7
2618	-7
2619	-7
2620	-8
2621	-8
2622	-8
2623	-8
2624	-8
2625	-8
2626	-8
2627	-8
2628	-8
2629	-8
2630	-8
2631	-8
2632	-8
2633	-8
2634	-8
2635	-8
2636	-8
2637	-8
2638	-8
2639	-8
2640	-8
2641	-8
2642	-8
2643	-8
2644	-8
2645	-8
2646	-8
2647	-8
2648	-8
2649	-8
2650	-8
2651	-8
2652	-8
2653	-8
2654	-8
2655	-8
2656	-8
2657	-8
2658	-8
2659	-8
2660	-8
2661	-8
2662	-8
2663	-8
2664	-8
2665	-8
2666	-8
2667	-8
2668	-8
2669	-8
2670	-8
2671	-8
2672	-8
2673	-8
2674	-8
2675	-8
2676	-8
2677	-8
2678	-8
2679	-8
2680	-8
2681	-8
2682	-8
2683	-8
2684	-8
2685	-8
2686	-8
2687	-8
2688	-8
2689	-8
2690	-8
2691	-8
2692	-8
2693	-8
2694	-8
2695	-8
2696	-8
2697	-8
2698	-8
2699	-8
2700	-8
2701	-8
2702	-8
2703	-8
2704	-8
2705	-9
2706	-9
2707	-9
2708	-9
2709	-9
2710	-9
2711	-9
2712	-9
2713	-9
2714	-9
2715	-9
2716	-9
2717	-9
2718	-9
2719	-9
2720	-9
2721	-9
2722	-9
2723	-9
2724	-9
2725	-9
2726	-9
2727	-9
2728	-9
2729	-9
2730	-9
2731	-9
2732	-9
2733	-9
2734	-9
2735	-9
2736	-9
2737	-9
2738	-9
2739	-9
2740	-9
2741	-9
2742	-9
2743	-9
2744	-9
2745	-9
2746	-10
2747	-10
2748	-10
2749	-10
2750	-10
2751	-10
2752	-10
2753	-10
2754	-10
2755	-10
2756	-10
2757	-10
2758	-10
2759	-10
2760	-10
2761	-10
2762	-10
2763	-10
2764	-10
2765	-10
2766	-10
2767	-10
2768	-11
2769	-11
2770	-11
2771	-11
2772	-11
2773	-11
2774	-11
2775	-11
2776	-11
2777	-11
2778	-11
2779	-11
2780	-11
2781	-11
2782	-11
2783	-11
2784	-11
2785	-11
2786	-11
2787	-11
2788	-11
2789	-11
2790	-11
2791	-11
2792	-11
2793	-11
2794	-11
2795	-11
2796	-11
2797	-11
2798	-12
2799	-12
2800	-12
2801	-12
2802	-12
2803	-12
2804	-12
2805	-12
2806	-12
2807	-12
2808	-12
2809	-12
2810	-12
2811	-12
2812	-12
2813	-12
2814	-12
2815	-12
2816	-12
2817	-12
2818	-12
2819	-12
2820	-12
2821	-12
2822	-12
2823	-12
2824	-12
2825	-12
2826	-12
2827	-12
2828	-12
2829	-12
2830	-12
2831	-12
2832	-12
2833	-12
2834	-12
2835	-12
2836	-12
2837	-12
2838	-12
2839	-12
2840	-12
2841	-12
2842	-12
2843	-12
2844	-11
2845	-11
2846	-11
2847	-11
2848	-11
2849	-11
2850	-11
2851	-11
2852	-11
2853	-11
2854	-12
2855	-12
2856	-12
2857	-12
2858	-12
2859	-12
2860	-12
2861	-12
2862	-12
2863	-12
2864	-12
2865	-12
2866	-12
2867	-12
2868	-12
2869	-12
2870	-12
2871	-12
2872	-12
2873	-12
2874	-12
2875	-12
2876	-12
2877	-12
2878	-12
2879	-12
2880	-12
2881	-12
2882	-12
2883	-12
2884	-11
2885	-11
2886	-11
2887	-11
2888	-11
2889	-11
2890	-11
2891	-11
2892	-11
2893	-11
2894	-11
2895	-11
2896	-11
2897	-11
2898	-11
2899	-11
2900	-11
2901	-11
2902	-11
2903	-11
2904	-11
2905	-11
2906	-11
2907	-11
2908	-11
2909	-11
2910	-11
2911	-11
2912	-11
2913	-11
2914	-11
2915	-11
2916	-11
2917	-11
2918	-11
2919	-11
2920	-11
2921	-11
2922	-11
2923	-11
2924	-11
2925	-11
2926	-11
2927	-11
2928	-11
2929	-11
2930	-11
2931	-11
2932	-11
2933	-11
2934	-11
2935	-11
2936	-11
2937	-11
2938	-11
2939	-11
2940	-11
2941	-11
2942	-11
2943	-12
2944	-12
2945	-12
2946	-12
2947	-12
2948	-12
2949	-12
2950	-12
2951	-12
2952	-12
2953	-12
2954	-12
2955	-12
2956	-12
2957	-12
2958	-12
2959	-12
2960	-12
2961	-12
2962	-12
2963	-12
2964	-12
2965	-12
2966	-12
2967	-12
2968	-12
2969	-12
2970	-12
2971	-12
2972	-12
2973	-12
2974	-12
2975	-12
2976	-12
2977	-12
2978	-12
2979	-12
2980	-12
2981	-12
2982	-12
2983	-12
2984	-12
2985	-12
2986	-12
2987	-12
2988	-12
2989	-12
2990	-12
2991	-12
2992	-12
2993	-12
2994	-12
2995	-12
2996	-12
2997	-12
2998	-12
2999	-12
3000	-12
3001	-12
3002	-12
3003	-12
3004	-12
3005	-12
3006	-12
3007	-12
3008	-12
3009	-12
3010	-12
3011	-12
3012	-12
3013	-12
3014	-12
3015	-12
3016	-12
3017	-12
3018	-12
3019	-12
3020	-12
3021	-12
3022	-12
3023	-12
3024	-12
3025	-12
3026	-12
3027	-12
3028	-12
3029	-12
3030	-12
3031	-12
3032	-12
3033	-12
3034	-12
3035	-12
3036	-12
3037	-12
3038	-12
3039	-12
3040	-12
3041	-12
3042	-12
3043	-12
3044	-12
3045	-12
3046	-12
3047	-12
3048	-12
3049	-12
3050	-12
3051	-12
3052	-12
3053	-12
3054	-12
3055	-12
3056	-12
3057	-12
3058	-12
3059	-12
3060	-12
3061	-12
3062	-12
3063	-12
3064	-12
3065	-12
3066	-12
3067	-12
3068	-12
3069	-12
3070	-12
3071	-12
3072	-12
3073	-12
3074	-12
3075	-12
3076	-12
3077	-12
3078	-12
3079	-12
3080	-12
3081	-12
3082	-12
3083	-12
3084	-12
3085	-12
3086	-12
3087	-12
3088	-12
3089	-12
3090	-12
3091	-12
3092	-12
3093	-12
3094	-12
3095	-11
3096	-11
3097	-11
3098	-11
3099	-11
3100	-11
3101	-11
3102	-11
3103	-11
3104	-11
3105	-11
3106	-11
3107	-11
3108	-11
3109	-12
3110	-12
3111	-12
3112	-12
3113	-12
3114	-12
3115	-12
3116	-12
3117	-12
3118	-12
3119	-12
3120	-12
3121	-12
3122	-12
3123	-12
3124	-12
3125	-12
3126	-12
3127	-12
3128	-12
3129	-12
3130	-12
3131	-12
3132	-12
3133	-12
3134	-12
3135	-12
3136	-12
3137	-12
3138	-12
3139	-12
3140	-12
3141	-12
3142	-12
3143	-12
3144	-12
3145	-12
3146	-12
3147	-12
3148	-12
3149	-12
3150	-12
3151	-12
3152	-12
3153	-12
3154	-12
3155	-12
3156	-12
3157	-12
3158	-12
3159	-12
3160	-12
3161	-12
3162	-12
3163	-12
3164	-12
3165	-12
3166	-12
3167	-12
3168	-12
3169	-12
3170	-12
3171	-12
3172	-12
3173	-12
3174	-12
3175	-12
3176	-12
3177	-12
3178	-12
3179	-12
3180	-12
3181	-12
3182	-12
3183	-12
3184	-12
3185	-12
3186	-12
3187	-12
3188	-12
3189	-12
3190	-12
3191	-12
3192	-12
3193	-12
3194	-12
3195	-12
3196	-12
3197	-12
3198	-12
3199	-12
3200	-12
3201	-12
3202	-12
3203	-12
3204	-12
3205	-12
3206	-12
3207	-12
3208	-12
3209	-12
3210	-12
3211	-12
3212	-12
3213	-12
3214	-12
3215	-12
3216	-12
3217	-12
3218	-12
3219	-12
3220	-12
3221	-12
3222	-12
3223	-12
3224	-12
3225	-12
3226	-12
3227	-12
3228	-12
3229	-12
3230	-12
3231	-12
3232	-12
3233	-12
3234	-12
3235	-12
3236	-12
3237	-12
3238	-12
3239	-12
3240	-12
3241	-12
3242	-12
3243	-12
3244	-12
3245	-12
3246	-12
3247	-12
3248	-12
3249	-12
3250	-12
3251	-12
3252	-12
3253	-12
3254	-12
3255	-12
3256	-12
3257	-12
3258	-12
3259	-12
3260	-12
3261	-12
3262	-12
3263	-12
3264	-12
3265	-12
3266	-12
3267	-12
3268	-12
3269	-12
3270	-12
3271	-12
3272	-12
3273	-12
3274	-12
3275	-12
3276	-12
3277	-12
3278	-12
3279	-12
3280	-12
3281	-12
3282	-12
3283	-12
3284	-12
3285	-12
3286	-12
3287	-12
3288	-12
3289	-12
3290	-12
3291	-12
3292	-12
3293	-12
3294	-12
3295	-12
3296	-12
3297	-12
3298	-12
3299	-12
3300	-12
3301	-12
3302	-12
3303	-12
3304	-12
3305	-12
3306	-13
3307	-13
3308	-13
3309	-13
3310	-13
3311	-13
3312	-13
3313	-13
3314	-13
3315	-13
3316	-13
3317	-13
3318	-13
3319	-13
3320	-13
3321	-13
3322	-13
3323	-13
3324	-13
3325	-13
3326	-13
3327	-13
3328	-13
3329	-13
3330	-13
3331	-13
3332	-13
3333	-13
3334	-13
3335	-13
3336	-13
3337	-13
3338	-13
3339	-13
3340	-13
3341	-13
3342	-13
3343	-13
3344	-13
3345	-13
3346	-13
3347	-13
3348	-13
3349	-13
3350	-13
3351	-13
3352	-13
3353	-13
3354	-13
3355	-13
3356	-13
3357	-13
3358	-13
3359	-13
3360	-13
3361	-13
3362	-13
3363	-13
3364	-12
3365	-12
3366	-12
3367	-12
3368	-12
3369	-12
3370	-12
3371	-12
3372	-12
3373	-12
3374	-12
3375	-12
3376	-12
3377	-12
3378	-12
3379	-12
3380	-12
3381	-12
3382	-12
3383	-13
3384	-13
3385	-13
3386	-13
3387	-13
3388	-13
3389	-13
3390	-13
3391	-13
3392	-13
3393	-13
3394	-13
3395	-13
3396	-13
3397	-13
3398	-13
3399	-13
3400	-13
3401	-13
3402	-13
3403	-13
3404	-13
3405	-13
3406	-13
3407	-13
3408	-13
3409	-13
3410	-14
3411	-14
3412	-14
3413	-14
3414	-14
3415	-14
3416	-14
3417	-14
3418	-14
3419	-14
3420	-14
3421	-14
3422	-14
3423	-14
3424	-14
3425	-14
3426	-14
3427	-14
3428	-14
3429	-14
3430	-14
3431	-14
3432	-14
3433	-14
3434	-14
3435	-14
3436	-14
3437	-14
3438	-14
3439	-14
3440	-14
3441	-14
3442	-14
3443	-14
3444	-14
3445	-14
3446	-14
3447	-14
3448	-14
3449	-14
3450	-14
3451	-14
3452	-14
3453	-14
3454	-14
3455	-14
3456	-14
3457	-14
3458	-14
3459	-14
3460	-14
3461	-14
3462	-14
3463	-14
3464	-14
3465	-14
3466	-14
3467	-14
3468	-14
3469	-14
3470	-14
3471	-14
3472	-14
3473	-14
3474	-14
3475	-14
3476	-14
3477	-14
3478	-14
3479	-14
3480	-14
3481	-14
3482	-14
3483	-14
3484	-14
3485	-14
3486	-14
3487	-14
3488	-14
3489	-14
3490	-14
3491	-14
3492	-14
3493	-14
3494	-14
3495	-14
3496	-14
3497	-14
3498	-14
3499	-14
3500	-14
3501	-14
3502	-14
3503	-14
3504	-14
3505	-14
3506	-14
3507	-14
3508	-14
3509	-14
3510	-15
3511	-15
3512	-15
3513	-15
3514	-15
3515	-15
3516	-15
3517	-15
3518	-15
3519	-15
3520	-15
3521	-15
3522	-15
3523	-15
3524	-15
3525	-15
3526	-15
3527	-15
3528	-15
3529	-15
3530	-15
3531	-15
3532	-15
3533	-15
3534	-15
3535	-15
3536	-15
3537	-15
3538	-15
3539	-15
3540	-15
3541	-15
3542	-15
3543	-15
3544	-15
3545	-15
3546	-15
3547	-15
3548	-15
3549	-15
3550	-15
3551	-15
3552	-15
3553	-15
3554	-15
3555	-15
3556	-15
3557	-15
3558	-15
3559	-15
3560	-15
3561	-15
3562	-15
3563	-15
3564	-15
3565	-15
3566	-15
3567	-15
3568	-15
3569	-15
3570	-15
3571	-15
3572	-15
3573	-15
3574	-15
3575	-15
3576	-15
3577	-15
3578	-15
3579	-15
3580	-15
3581	-15
3582	-15
3583	-15
3584	-15
3585	-15
3586	-15
3587	-15
3588	-15
3589	-15
3590	-15
3591	-15
3592	-15
3593	-15
3594	-15
3595	-15
3596	-15
3597	-15
3598	-15
3599	-15
3600	-15
3601	-15
3602	-15
3603	-15
3604	-15
3605	-15
3606	-15
3607	-15
3608	-15
3609	-15
3610	-15
3611	-15
3612	-14
3613	-14
3614	-14
3615	-14
3616	-14
3617	-14
3618	-14
3619	-14
3620	-14
3621	-14
3622	-14
3623	-14
3624	-14
3625	-14
3626	-14
3627	-14
3628	-14
3629	-14
3630	-15
3631	-15
3632	-15
3633	-15
3634	-15
3635	-15
3636	-15
3637	-15
3638	-15
3639	-15
3640	-15
3641	-15
3642	-15
3643	-16
3644	-16
3645	-16
3646	-16
3647	-16
3648	-16
3649	-16
3650	-16
3651	-16
3652	-16
3653	-16
3654	-16
3655	-16
3656	-17
3657	-17
3658	-17
3659	-17
3660	-17
3661	-17
3662	-17
3663	-17
3664	-17
3665	-17
3666	-17
3667	-17
3668	-17
3669	-18
3670	-18
3671	-18
3672	-18
3673	-18
3674	-18
3675	-18
3676	-18
3677	-18
3678	-18
3679	-18
3680	-18
3681	-18
3682	-18
3683	-18
3684	-18
3685	-18
3686	-18
3687	-18
3688	-18
3689	-18
3690	-18
3691	-18
3692	-18
3693	-18
3694	-18
3695	-18
3696	-18
3697	-18
3698	-18
3699	-18
3700	-18
3701	-18
3702	-18
3703	-18
3704	-18
3705	-18
3706	-18
3707	-18
3708	-18
3709	-19
3710	-19
3711	-19
3712	-19
3713	-19
3714	-19
3715	-19
3716	-19
3717	-19
3718	-19
3719	-19
3720	-19
3721	-19
3722	-19
3723	-19
3724	-19
3725	-19
3726	-19
3727	-19
3728	-19
3729	-19
3730	-19
3731	-20
3732	-20
3733	-20
3734	-20
3735	-20
3736	-20
3737	-20
3738	-20
3739	-20
3740	-20
3741	-20
3742	-20
3743	-20
3744	-20
3745	-20
3746	-20
3747	-20
3748	-20
3749	-20
3750	-20
3751	-20
3752	-20
3753	-20
3754	-20
3755	-20
3756	-20
3757	-20
3758	-20
3759	-20
3760	-20
3761	-20
3762	-20
3763	-20
3764	-20
3765	-20
3766	-20
3767	-20
3768	-20
3769	-20
3770	-21
3771	-21
3772	-21
3773	-21
3774	-21
3775	-21
3776	-21
3777	-21
3778	-21
3779	-21
3780	-21
3781	-21
3782	-21
3783	-21
3784	-21
3785	-21
3786	-21
3787	-21
3788	-21
3789	-21
3790	-21
3791	-21
3792	-21
3793	-21
3794	-21
3795	-21
3796	-21
3797	-21
3798	-21
3799	-21
3800	-21
3801	-21
3802	-21
3803	-21
3804	-21
3805	-21
3806	-21
3807	-21
3808	-21
3809	-22
3810	-22
3811	-22
3812	-22
3813	-22
3814	-22
3815	-22
3816	-22
3817	-22
3818	-22
3819	-22
3820	-22
3821	-22
3822	-22
3823	-22
3824	-22
3825	-22
3826	-22
3827	-22
3828	-22
3829	-22
3830	-22
3831	-22
3832	-22
3833	-22
3834	-22
3835	-22
3836	-22
3837	-22
3838	-22
3839	-22
3840	-22
3841	-22
3842	-22
3843	-22
3844	-22
3845	-22
3846	-22
3847	-22
3848	-22
3849	-22
3850	-22
3851	-22
3852	-22
3853	-22
3854	-22
3855	-22
3856	-22
3857	-22
3858	-22
3859	-22
3860	-22
3861	-22
3862	-22
3863	-22
3864	-22
3865	-22
3866	-23
3867	-23
3868	-23
3869	-23
3870	-23
3871	-23
3872	-23
3873	-23
3874	-23
3875	-23
3876	-23
3877	-23
3878	-23
3879	-23
3880	-23
3881	-23
3882	-23
3883	-23
3884	-23
3885	-23
3886	-23
3887	-23
3888	-23
3889	-23
3890	-23
3891	-23
3892	-23
3893	-23
3894	-23
3895	-23
3896	-23
3897	-23
3898	-23
3899	-23
3900	-23
3901	-23
3902	-23
3903	-23
3904	-23
3905	-23
3906	-23
3907	-23
3908	-23
3909	-23
3910	-23
3911	-23
3912	-23
3913	-23
3914	-23
3915	-23
3916	-23
3917	-23
3918	-23
3919	-23
3920	-23
3921	-23
3922	-23
3923	-23
3924	-23
3925	-23
3926	-23
3927	-23
3928	-23
3929	-23
3930	-23
3931	-23
3932	-23
3933	-23
3934	-23
3935	-23
3936	-23
3937	-23
3938	-23
3939	-23
3940	-23
3941	-23
3942	-23
3943	-23
3944	-23
3945	-23
3946	-23
3947	-23
3948	-23
3949	-23
3950	-23
3951	-23
3952	-23
3953	-23
3954	-23
3955	-23
3956	-23
3957	-23
3958	-23
3959	-23
3960	-23
3961	-23
3962	-23
3963	-23
3964	-23
3965	-23
3966	-23
3967	-23
3968	-23
3969	-23
3970	-23
3971	-23
3972	-23
3973	-23
3974	-23
3975	-23
3976	-23
3977	-23
3978	-23
3979	-23
3980	-23
3981	-23
3982	-23
3983	-23
3984	-23
3985	-23
3986	-23
3987	-23
3988	-22
3989	-22
3990	-22
3991	-22
3992	-22
3993	-22
3994	-22
3995	-22
3996	-22
3997	-22
3998	-22
3999	-22
4000	-22
4001	-22
4002	-22
4003	-22
4004	-22
4005	-22
4006	-22
4007	-22
4008	-22
4009	-22
4010	-22
4011	-23
4012	-23
4013	-23
4014	-23
4015	-23
4016	-23
4017	-23
4018	-23
4019	-23
4020	-23
4021	-23
4022	-23
4023	-23
4024	-23
4025	-23
4026	-23
4027	-23
4028	-23
4029	-23
4030	-23
4031	-23
4032	-23
4033	-23
4034	-23
4035	-23
4036	-23
4037	-23
4038	-23
4039	-23
4040	-23
4041	-23
4042	-23
4043	-23
4044	-23
4045	-23
4046	-23
4047	-23
4048	-23
4049	-23
4050	-23
4051	-23
4052	-23
4053	-23
4054	-23
4055	-23
4056	-23
4057	-23
4058	-23
4059	-23
4060	-23
4061	-23
4062	-23
4063	-23
4064	-23
4065	-23
4066	-23
4067	-23
4068	-23
4069	-23
4070	-23
4071	-23
4072	-23
4073	-23
4074	-23
4075	-23
4076	-23
4077	-23
4078	-23
4079	-23
4080	-23
4081	-23
4082	-23
4083	-23
4084	-23
4085	-23
4086	-23
4087	-23
4088	-23
4089	-23
4090	-23
4091	-23
4092	-23
4093	-23
4094	-23
4095	-23
4096	-22
4097	-22
4098	-22
4099	-22
4100	-22
4101	-22
4102	-22
4103	-22
4104	-22
4105	-22
4106	-22
4107	-22
4108	-22
4109	-22
4110	-22
4111	-22
4112	-23
4113	-23
4114	-23
4115	-23
4116	-23
4117	-23
4118	-23
4119	-23
4120	-23
4121	-23
4122	-23
4123	-23
4124	-23
4125	-23
4126	-23
4127	-23
4128	-23
4129	-23
4130	-23
4131	-23
4132	-23
4133	-23
4134	-23
4135	-23
4136	-23
4137	-23
4138	-23
4139	-23
4140	-23
4141	-23
4142	-23
4143	-23
4144	-23
4145	-23
4146	-23
4147	-23
4148	-23
4149	-23
4150	-23
4151	-23
4152	-23
4153	-23
4154	-23
4155	-23
4156	-23
4157	-23
4158	-23
4159	-23
4160	-23
4161	-23
4162	-23
4163	-23
4164	-23
4165	-23
4166	-23
4167	-23
4168	-23
4169	-23
4170	-23
4171	-24
4172	-24
4173	-24
4174	-24
4175	-24
4176	-24
4177	-24
4178	-24
4179	-24
4180	-24
4181	-24
4182	-24
4183	-24
4184	-24
4185	-24
4186	-24
4187	-24
4188	-24
4189	-24
4190	-24
4191	-24
4192	-24
4193	-24
4194	-24
4195	-24
4196	-24
4197	-24
4198	-24
4199	-24
4200	-24
4201	-24
4202	-24
4203	-24
4204	-24
4205	-24
4206	-24
4207	-24
4208	-24
4209	-24
4210	-24
4211	-24
4212	-24
4213	-24
4214	-24
4215	-24
4216	-24
4217	-24
4218	-24
4219	-24
4220	-24
4221	-24
4222	-24
4223	-24
4224	-24
4225	-24
4226	-24
4227	-24
4228	-24
4229	-24
4230	-24
4231	-24
4232	-24
4233	-24
4234	-24
4235	-24
4236	-24
4237	-24
4238	-24
4239	-24
4240	-24
4241	-24
4242	-24
4243	-24
4244	-24
4245	-24
4246	-24
4247	-24
4248	-24
4249	-24
4250	-25
4251	-25
4252	-25
4253	-25
4254	-25
4255	-25
4256	-25
4257	-25
4258	-25
4259	-25
4260	-25
4261	-25
4262	-25
4263	-25
4264	-25
4265	-25
4266	-25
4267	-25
4268	-25
4269	-25
4270	-25
4271	-25
4272	-25
4273	-25
4274	-25
4275	-25
4276	-25
4277	-25
4278	-25
4279	-25
4280	-25
4281	-25
4282	-25
4283	-25
4284	-25
4285	-25
4286	-26
4287	-26
4288	-26
4289	-26
4290	-26
4291	-26
4292	-26
4293	-26
4294	-26
4295	-26
4296	-26
4297	-26
4298	-26
4299	-26
4300	-26
4301	-26
4302	-26
4303	-26
4304	-26
4305	-26
4306	-26
4307	-26
4308	-26
4309	-26
4310	-26
4311	-26
4312	-26
4313	-26
4314	-26
4315	-26
4316	-26
4317	-26
4318	-26
4319	-26
4320	-26
4321	-26
4322	-26
4323	-26
4324	-26
4325	-26
4326	-26
4327	-26
4328	-26
4329	-26
4330	-26
4331	-26
4332	-26
4333	-26
4334	-26
4335	-26
4336	-26
4337	-26
4338	-26
4339	-26
4340	-26
4341	-26
4342	-26
4343	-26
4344	-26
4345	-26
4346	-26
4347	-26
4348	-26
4349	-26
4350	-26
4351	-26
4352	-26
4353	-26
4354	-26
4355	-26
4356	-26
4357	-26
4358	-26
4359	-26
4360	-26
4361	-26
4362	-26
4363	-26
4364	-26
4365	-26
4366	-26
4367	-26
4368	-26
4369	-26
4370	-26
4371	-26
4372	-26
4373	-26
4374	-26
4375	-26
4376	-26
4377	-26
4378	-26
4379	-26
4380	-26
4381	-26
4382	-26
4383	-26
4384	-26
4385	-26
4386	-26
4387	-26
4388	-26
4389	-26
4390	-26
4391	-26
4392	-26
4393	-26
4394	-26
4395	-26
4396	-26
4397	-27
4398	-27
4399	-27
4400	-27
4401	-27
4402	-27
4403	-27
4404	-27
4405	-27
4406	-27
4407	-27
4408	-27
4409	-27
4410	-27
4411	-28
4412	-28
4413	-28
4414	-28
4415	-28
4416	-28
4417	-28
4418	-28
4419	-28
4420	-28
4421	-28
4422	-28
4423	-28
4424	-28
4425	-28
4426	-28
4427	-28
4428	-28
4429	-28
4430	-28
4431	-28
4432	-28
4433	-28
4434	-28
4435	-28
4436	-28
4437	-28
4438	-28
4439	-28
4440	-28
4441	-28
4442	-28
4443	-28
4444	-28
4445	-28
4446	-28
4447	-28
4448	-28
4449	-28
4450	-28
4451	-28
4452	-28
4453	-28
4454	-28
4455	-29
4456	-29
4457	-29
4458	-29
4459	-29
4460	-29
4461	-29
4462	-29
4463	-29
4464	-29
4465	-29
4466	-29
4467	-29
4468	-29
4469	-29
4470	-29
4471	-29
4472	-29
4473	-29
4474	-29
4475	-29
4476	-29
4477	-29
4478	-29
4479	-29
4480	-29
4481	-29
4482	-29
4483	-29
4484	-29
4485	-29
4486	-30
4487	-30
4488	-30
4489	-30
4490	-30
4491	-30
4492	-30
4493	-30
4494	-30
4495	-30
4496	-30
4497	-30
4498	-30
4499	-30
4500	-30
4501	-30
4502	-30
4503	-30
4504	-30
4505	-30
4506	-30
4507	-30
4508	-30
4509	-30
4510	-30
4511	-30
4512	-30
4513	-30
4514	-30
4515	-30
4516	-30
4517	-30
4518	-30
4519	-30
4520	-30
4521	-30
4522	-30
4523	-30
4524	-30
4525	-30
4526	-30
4527	-30
4528	-30
4529	-30
4530	-30
4531	-30
4532	-30
4533	-30
4534	-30
4535	-30
4536	-30
4537	-30
4538	-30
4539	-30
4540	-30
4541	-30
4542	-30
4543	-31
4544	-31
4545	-32
4546	-32
4547	-32
4548	-32
4549	-32
4550	-32
4551	-32
4552	-32
4553	-32
4554	-32
4555	-32
4556	-32
4557	-32
4558	-32
4559	-32
4560	-32
4561	-32
4562	-32
4563	-32
4564	-32
4565	-32
4566	-32
4567	-32
4568	-32
4569	-32
4570	-32
4571	-32
4572	-32
4573	-32
4574	-32
4575	-32
4576	-32
4577	-32
4578	-32
4579	-32
4580	-32
4581	-32
4582	-32
4583	-32
4584	-32
4585	-32
4586	-32
4587	-32
4588	-32
4589	-32
4590	-32
4591	-32
4592	-32
4593	-32
4594	-32
4595	-32
4596	-32
4597	-32
4598	-32
4599	-33
4600	-33
4601	-33
4602	-33
4603	-33
4604	-33
4605	-33
4606	-33
4607	-33
4608	-33
4609	-33
4610	-33
4611	-33
4612	-33
4613	-33
4614	-33
4615	-33
4616	-33
4617	-33
4618	-33
4619	-33
4620	-33
4621	-33
4622	-33
4623	-33
4624	-33
4625	-33
4626	-33
4627	-33
4628	-33
4629	-33
4630	-33
4631	-33
4632	-33
4633	-33
4634	-33
4635	-33
4636	-33
4637	-33
4638	-33
4639	-33
4640	-33
4641	-33
4642	-33
4643	-33
4644	-33
4645	-33
4646	-33
4647	-33
4648	-33
4649	-33
4650	-33
4651	-33
4652	-33
4653	-33
4654	-33
4655	-33
4656	-33
4657	-33
4658	-33
4659	-33
4660	-33
4661	-33
4662	-33
4663	-33
4664	-33
4665	-33
4666	-33
4667	-33
4668	-33
4669	-33
4670	-33
4671	-33
4672	-33
4673	-33
4674	-33
4675	-33
4676	-33
4677	-33
4678	-33
4679	-33
4680	-33
4681	-33
4682	-33
4683	-33
4684	-33
4685	-33
4686	-33
4687	-33
4688	-33
4689	-33
4690	-33
4691	-33
4692	-33
4693	-33
4694	-33
4695	-33
4696	-33
4697	-33
4698	-33
4699	-33
4700	-33
4701	-33
4702	-33
4703	-33
4704	-33
4705	-33
4706	-33
4707	-33
4708	-33
4709	-33
4710	-33
4711	-33
4712	-33
4713	-33
4714	-33
4715	-33
4716	-33
4717	-33
4718	-33
4719	-33
4720	-33
4721	-33
4722	-33
4723	-33
4724	-33
4725	-33
4726	-33
4727	-33
4728	-33
4729	-33
4730	-33
4731	-33
4732	-33
4733	-33
4734	-33
4735	-33
4736	-33
4737	-33
4738	-34
4739	-34
4740	-34
4741	-34
4742	-34
4743	-34
4744	-34
4745	-34
4746	-34
4747	-34
4748	-34
4749	-34
4750	-34
4751	-34
4752	-34
4753	-34
4754	-34
4755	-34
4756	-34
4757	-34
4758	-34
4759	-33
4760	-33
4761	-33
4762	-33
4763	-33
4764	-33
4765	-33
4766	-33
4767	-33
4768	-33
4769	-33
4770	-33
4771	-33
4772	-33
4773	-33
4774	-33
4775	-33
4776	-33
4777	-33
4778	-33
4779	-33
4780	-33
4781	-33
4782	-33
4783	-33
4784	-33
4785	-33
4786	-33
4787	-33
4788	-33
4789	-33
4790	-33
4791	-33
4792	-33
4793	-34
4794	-34
4795	-34
4796	-34
4797	-34
4798	-34
4799	-34
4800	-34
4801	-34
4802	-34
4803	-34
4804	-34
4805	-34
4806	-34
4807	-34
4808	-34
4809	-34
4810	-34
4811	-34
4812	-34
4813	-34
4814	-34
4815	-34
4816	-34
4817	-35
4818	-35
4819	-35
4820	-35
4821	-35
4822	-35
4823	-35
4824	-35
4825	-35
4826	-35
4827	-35
4828	-35
4829	-35
4830	-35
4831	-35
4832	-35
4833	-35
4834	-35
4835	-35
4836	-35
4837	-35
4838	-35
4839	-35
4840	-35
4841	-35
4842	-35
4843	-35
4844	-35
4845	-35
4846	-35
4847	-35
4848	-35
4849	-35
4850	-35
4851	-35
4852	-35
4853	-35
4854	-35
4855	-35
4856	-35
4857	-35
4858	-35
4859	-35
4860	-35
4861	-35
4862	-35
4863	-35
4864	-35
4865	-35
4866	-35
4867	-35
4868	-35
4869	-35
4870	-35
4871	-36
4872	-36
4873	-36
4874	-36
4875	-36
4876	-36
4877	-36
4878	-36
4879	-36
4880	-36
4881	-36
4882	-36
4883	-36
4884	-36
4885	-37
4886	-37
4887	-37
4888	-37
4889	-37
4890	-37
4891	-37
4892	-37
4893	-37
4894	-37
4895	-37
4896	-37
4897	-37
4898	-37
4899	-37
4900	-37
4901	-37
4902	-37
4903	-37
4904	-37
4905	-37
4906	-37
4907	-37
4908	-37
4909	-37
4910	-37
4911	-37
4912	-37
4913	-37
4914	-37
4915	-37
4916	-37
4917	-37
4918	-37
4919	-37
4920	-37
4921	-37
4922	-37
4923	-37
4924	-37
4925	-37
4926	-37
4927	-37
4928	-37
4929	-37
4930	-37
4931	-37
4932	-37
4933	-37
4934	-37
4935	-37
4936	-37
4937	-37
4938	-37
4939	-37
4940	-37
4941	-37
4942	-37
4943	-37
4944	-37
4945	-37
4946	-37
4947	-37
4948	-37
4949	-37
4950	-38
4951	-38
4952	-38
4953	-38
4954	-38
4955	-38
4956	-38
4957	-38
4958	-38
4959	-38
4960	-38
4961	-38
4962	-38
4963	-38
4964	-38
4965	-38
4966	-38
4967	-38
4968	-38
4969	-38
4970	-38
4971	-38
4972	-38
4973	-38
4974	-38
4975	-38
4976	-38
4977	-38
4978	-38
4979	-38
4980	-38
4981	-38
4982	-38
4983	-38
4984	-38
4985	-38
4986	-38
4987	-38
4988	-38
4989	-38
4990	-39
4991	-39
4992	-39
4993	-39
4994	-39
4995	-39
4996	-39
4997	-39
4998	-39
4999	-39
5000	-39
5001	-39
5002	-39
5003	-39
5004	-39
5005	-39
5006	-39
5007	-39
5008	-39
5009	-39
5010	-39
5011	-39
5012	-39
5013	-39
5014	-39
5015	-39
5016	-39
5017	-39
5018	-39
5019	-39
5020	-39
5021	-39
5022	-39
5023	-39
5024	-39
5025	-39
5026	-39
5027	-39
5028	-39
5029	-39
5030	-39
5031	-39
5032	-39
5033	-39
5034	-39
5035	-39
5036	-39
5037	-39
5038	-39
5039	-39
5040	-39
5041	-39
5042	-39
5043	-39
5044	-39
5045	-39
5046	-39
5047	-39
5048	-39
5049	-39
5050	-39
5051	-39
5052	-39
5053	-39
5054	-39
5055	-39
5056	-39
5057	-39
5058	-39
5059	-39
5060	-39
5061	-39
5062	-39
5063	-39
5064	-39
5065	-39
5066	-39
5067	-39
5068	-39
5069	-39
5070	-39
5071	-39
5072	-40
5073	-40
5074	-40
5075	-40
5076	-40
5077	-40
5078	-40
5079	-40
5080	-40
5081	-40
5082	-40
5083	-40
5084	-40
5085	-40
5086	-40
5087	-41
5088	-41
5089	-41
5090	-42
5091	-42
5092	-42
5093	-42
5094	-42
5095	-42
5096	-42
5097	-42
5098	-42
5099	-42
5100	-42
5101	-42
5102	-42
5103	-42
5104	-42
5105	-42
5106	-42
5107	-42
5108	-42
5109	-42
5110	-42
5111	-42
5112	-42
5113	-42
5114	-42
5115	-42
5116	-42
5117	-42
5118	-42
5119	-42
5120	-42
5121	-42
5122	-42
5123	-42
5124	-42
5125	-42
5126	-42
5127	-42
5128	-42
5129	-42
5130	-42
5131	-42
5132	-42
5133	-42
5134	-42
5135	-42
5136	-42
5137	-42
5138	-42
5139	-42
5140	-43
5141	-43
5142	-43
5143	-43
5144	-43
5145	-43
5146	-43
5147	-43
5148	-43
5149	-43
5150	-43
5151	-43
5152	-43
5153	-43
5154	-43
5155	-43
5156	-43
5157	-43
5158	-43
5159	-43
5160	-43
5161	-43
5162	-43
5163	-43
5164	-43
5165	-44
5166	-44
5167	-44
5168	-44
5169	-44
5170	-44
5171	-44
5172	-44
5173	-44
5174	-44
5175	-44
5176	-44
5177	-44
5178	-44
5179	-44
5180	-44
5181	-44
5182	-44
5183	-44
5184	-44
5185	-44
5186	-44
5187	-44
5188	-44
5189	-44
5190	-44
5191	-44
5192	-44
5193	-44
5194	-44
5195	-44
5196	-44
5197	-44
5198	-44
5199	-44
5200	-44
5201	-44
5202	-44
5203	-44
5204	-44
5205	-44
5206	-44
5207	-44
5208	-44
5209	-44
5210	-45
5211	-45
5212	-45
5213	-45
5214	-45
5215	-45
5216	-45
5217	-45
5218	-45
5219	-45
5220	-45
5221	-45
5222	-45
5223	-45
5224	-45
5225	-45
5226	-45
5227	-45
5228	-45
5229	-45
5230	-45
5231	-45
5232	-45
5233	-45
5234	-45
5235	-45
5236	-45
5237	-45
5238	-45
5239	-45
5240	-45
5241	-45
5242	-45
5243	-45
5244	-45
5245	-45
5246	-45
5247	-45
5248	-45
5249	-45
5250	-45
5251	-45
5252	-45
5253	-45
5254	-45
5255	-45
5256	-45
5257	-45
5258	-45
5259	-45
5260	-45
5261	-45
5262	-45
5263	-45
5264	-45
5265	-45
5266	-45
5267	-45
5268	-45
5269	-45
5270	-45
5271	-45
5272	-45
5273	-45
5274	-45
5275	-45
5276	-45
5277	-45
5278	-45
5279	-45
5280	-45
5281	-45
5282	-45
5283	-45
5284	-45
5285	-45
5286	-45
5287	-45
5288	-45
5289	-45
5290	-45
5291	-45
5292	-45
5293	-45
5294	-45
5295	-45
5296	-45
5297	-45
5298	-45
5299	-45
5300	-45
5301	-45
5302	-46
5303	-46
5304	-46
5305	-46
5306	-46
5307	-47
5308	-47
5309	-47
5310	-47
5311	-47
5312	-47
5313	-47
5314	-47
5315	-47
5316	-47
5317	-47
5318	-47
5319	-47
5320	-47
5321	-47
5322	-47
5323	-47
5324	-47
5325	-47
5326	-47
5327	-47
5328	-47
5329	-47
5330	-48
5331	-48
5332	-48
5333	-48
5334	-48
5335	-48
5336	-48
5337	-48
5338	-48
5339	-48
5340	-48
5341	-48
5342	-48
5343	-48
5344	-48
5345	-48
5346	-48
5347	-48
5348	-48
5349	-48
5350	-48
5351	-48
5352	-48
5353	-48
5354	-48
5355	-48
5356	-48
5357	-48
5358	-48
5359	-48
5360	-48
5361	-48
5362	-48
5363	-48
5364	-48
5365	-48
5366	-48
5367	-48
5368	-48
5369	-48
5370	-48
5371	-48
5372	-48
5373	-48
5374	-48
5375	-48
5376	-48
5377	-48
5378	-48
5379	-48
5380	-48
5381	-48
5382	-48
5383	-48
5384	-48
5385	-49
5386	-49
5387	-49
5388	-49
5389	-49
5390	-49
5391	-49
5392	-49
5393	-49
5394	-49
5395	-49
5396	-49
5397	-49
5398	-49
5399	-49
5400	-49
5401	-49
5402	-49
5403	-49
5404	-49
5405	-49
5406	-49
5407	-49
5408	-49
5409	-49
5410	-49
5411	-49
5412	-49
5413	-49
5414	-49
5415	-49
5416	-49
5417	-49
5418	-49
5419	-49
5420	-49
5421	-49
5422	-49
5423	-50
5424	-50
5425	-50
5426	-50
5427	-50
5428	-50
5429	-50
5430	-50
5431	-50
5432	-50
5433	-50
5434	-50
5435	-50
5436	-50
5437	-50
5438	-50
5439	-50
5440	-50
5441	-50
5442	-50
5443	-50
5444	-50
5445	-50
5446	-50
5447	-50
5448	-50
5449	-50
5450	-50
5451	-50
5452	-50
5453	-50
5454	-50
5455	-50
5456	-50
5457	-50
5458	-50
5459	-50
5460	-50
5461	-50
5462	-50
5463	-50
5464	-50
5465	-50
5466	-50
5467	-50
5468	-50
5469	-50
5470	-50
5471	-50
5472	-50
5473	-50
5474	-50
5475	-50
5476	-50
5477	-50
5478	-50
5479	-50
5480	-50
5481	-50
5482	-50
5483	-50
5484	-51
5485	-51
5486	-51
5487	-51
5488	-51
5489	-51
5490	-51
5491	-51
5492	-51
5493	-51
5494	-51
5495	-51
5496	-51
5497	-51
5498	-51
5499	-51
5500	-51
5501	-51
5502	-51
5503	-52
5504	-52
5505	-52
5506	-52
5507	-52
5508	-52
5509	-52
5510	-52
5511	-52
5512	-52
5513	-52
5514	-52
5515	-52
5516	-52
5517	-52
5518	-52
5519	-52
5520	-52
5521	-52
5522	-52
5523	-52
5524	-52
5525	-52
5526	-52
5527	-52
5528	-52
5529	-52
5530	-52
5531	-52
5532	-52
5533	-52
5534	-52
5535	-52
5536	-52
5537	-52
5538	-52
5539	-52
5540	-52
5541	-52
5542	-52
5543	-52
5544	-52
5545	-52
5546	-52
5547	-52
5548	-52
5549	-52
5550	-52
5551	-52
5552	-52
5553	-52
5554	-52
5555	-52
5556	-52
5557	-52
5558	-52
5559	-52
5560	-52
5561	-52
5562	-52
5563	-52
5564	-52
5565	-52
5566	-52
5567	-52
5568	-52
5569	-52
5570	-52
5571	-52
5572	-52
5573	-52
5574	-52
5575	-52
5576	-52
5577	-52
5578	-52
5579	-52
5580	-52
5581	-52
5582	-52
5583	-52
5584	-52
5585	-52
5586	-52
5587	-52
5588	-52
5589	-52
5590	-52
5591	-52
5592	-52
5593	-52
5594	-52
5595	-52
5596	-52
5597	-52
5598	-52
5599	-52
5600	-52
5601	-52
5602	-52
5603	-52
5604	-52
5605	-52
5606	-52
5607	-52
5608	-52
5609	-52
5610	-52
5611	-52
5612	-52
5613	-52
5614	-52
5615	-52
5616	-52
5617	-52
5618	-52
5619	-52
5620	-52
5621	-52
5622	-52
5623	-52
5624	-52
5625	-53
5626	-53
5627	-53
5628	-53
5629	-53
5630	-53
5631	-53
5632	-53
5633	-53
5634	-53
5635	-53
5636	-53
5637	-53
5638	-53
5639	-53
5640	-53
5641	-53
5642	-53
5643	-53
5644	-53
5645	-53
5646	-53
5647	-53
5648	-53
5649	-54
5650	-54
5651	-54
5652	-54
5653	-54
5654	-54
5655	-54
5656	-55
5657	-55
5658	-55
5659	-55
5660	-55
5661	-55
5662	-55
5663	-56
5664	-56
5665	-56
5666	-56
5667	-56
5668	-56
5669	-56
5670	-56
5671	-56
5672	-56
5673	-56
5674	-56
5675	-56
5676	-56
5677	-56
5678	-56
5679	-56
5680	-56
5681	-56
5682	-56
5683	-56
5684	-56
5685	-56
5686	-56
5687	-56
5688	-56
5689	-56
5690	-56
5691	-56
5692	-56
5693	-56
5694	-56
5695	-56
5696	-56
5697	-56
5698	-56
5699	-56
5700	-56
5701	-56
5702	-56
5703	-56
5704	-56
5705	-56
5706	-56
5707	-56
5708	-56
5709	-56
5710	-56
5711	-56
5712	-56
5713	-56
5714	-57
5715	-57
5716	-57
5717	-57
5718	-57
5719	-57
5720	-57
5721	-57
5722	-57
5723	-57
5724	-57
5725	-57
5726	-57
5727	-57
5728	-57
5729	-57
5730	-57
5731	-57
5732	-57
5733	-57
5734	-57
5735	-57
5736	-57
5737	-57
5738	-57
5739	-57
5740	-57
5741	-57
5742	-57
5743	-57
5744	-57
5745	-57
5746	-57
5747	-57
5748	-57
5749	-57
5750	-57
5751	-57
5752	-57
5753	-57
5754	-57
5755	-57
5756	-57
5757	-57
5758	-57
5759	-57
5760	-57
5761	-57
5762	-57
5763	-57
5764	-57
5765	-57
5766	-57
5767	-57
5768	-57
5769	-57
5770	-57
5771	-57
5772	-57
5773	-57
5774	-57
5775	-57
5776	-57
5777	-57
5778	-57
5779	-57
5780	-57
5781	-57
5782	-57
5783	-57
5784	-57
5785	-57
5786	-57
5787	-57
5788	-57
5789	-57
5790	-57
5791	-57
5792	-57
5793	-57
5794	-57
5795	-57
5796	-57
5797	-57
5798	-57
5799	-57
5800	-57
5801	-57
5802	-57
5803	-57
5804	-57
5805	-57
5806	-57
5807	-57
5808	-57
5809	-57
5810	-57
5811	-57
5812	-57
5813	-57
5814	-57
5815	-57
5816	-57
5817	-57
5818	-57
5819	-57
5820	-57
5821	-57
5822	-57
5823	-57
5824	-57
5825	-57
5826	-57
5827	-57
5828	-57
5829	-57
5830	-57
5831	-57
5832	-57
5833	-57
5834	-57
5835	-57
5836	-57
5837	-57
5838	-57
5839	-57
5840	-57
5841	-57
5842	-57
5843	-58
5844	-58
5845	-58
5846	-58
5847	-58
5848	-58
5849	-58
5850	-58
5851	-58
5852	-58
5853	-57
5854	-57
5855	-57
5856	-57
5857	-57
5858	-57
5859	-57
5860	-57
5861	-57
5862	-57
5863	-57
5864	-57
5865	-57
5866	-57
5867	-57
5868	-57
5869	-57
5870	-57
5871	-57
5872	-57
5873	-57
5874	-57
5875	-57
5876	-57
5877	-57
5878	-57
5879	-57
5880	-57
5881	-57
5882	-57
5883	-57
5884	-57
5885	-57
5886	-57
5887	-57
5888	-57
5889	-57
5890	-57
5891	-57
5892	-57
5893	-57
5894	-57
5895	-57
5896	-57
5897	-57
5898	-57
5899	-57
5900	-57
5901	-57
5902	-57
5903	-57
5904	-57
5905	-57
5906	-56
5907	-56
5908	-56
5909	-57
5910	-57
5911	-57
5912	-57
5913	-57
5914	-57
5915	-57
5916	-57
5917	-57
5918	-57
5919	-57
5920	-57
5921	-57
5922	-58
5923	-58
5924	-58
5925	-58
5926	-58
5927	-58
5928	-58
5929	-58
5930	-58
5931	-58
5932	-58
5933	-58
5934	-58
5935	-58
5936	-58
5937	-58
5938	-58
5939	-58
5940	-58
5941	-58
5942	-58
5943	-58
5944	-58
5945	-58
5946	-58
5947	-58
5948	-58
5949	-58
5950	-58
5951	-58
5952	-58
5953	-58
5954	-58
5955	-58
5956	-59
5957	-59
5958	-59
5959	-59
5960	-59
5961	-59
5962	-59
5963	-59
5964	-59
5965	-59
5966	-59
5967	-59
5968	-59
5969	-59
5970	-59
5971	-59
5972	-59
5973	-59
5974	-59
5975	-59
5976	-59
5977	-59
5978	-59
5979	-59
5980	-59
5981	-59
5982	-59
5983	-59
5984	-59
5985	-59
5986	-60
5987	-60
5988	-60
5989	-60
5990	-60
5991	-60
5992	-60
5993	-60
5994	-60
5995	-60
5996	-60
5997	-60
5998	-60
5999	-60
6000	-60
6001	-60
6002	-60
6003	-60
6004	-60
6005	-60
6006	-60
6007	-60
6008	-60
6009	-60
6010	-60
6011	-60
6012	-60
6013	-60
6014	-60
6015	-60
6016	-60
6017	-60
6018	-60
6019	-60
6020	-60
6021	-60
6022	-60
6023	-60
6024	-60
6025	-60
6026	-60
6027	-60
6028	-60
6029	-60
6030	-60
6031	-60
6032	-60
6033	-60
6034	-60
6035	-60
6036	-60
6037	-60
6038	-60
6039	-60
6040	-60
6041	-60
6042	-60
6043	-60
6044	-60
6045	-60
6046	-60
6047	-60
6048	-61
6049	-61
6050	-61
6051	-61
6052	-61
6053	-61
6054	-61
6055	-61
6056	-61
6057	-61
6058	-61
6059	-61
6060	-61
6061	-61
6062	-61
6063	-61
6064	-61
6065	-61
6066	-61
6067	-61
6068	-61
6069	-61
6070	-61
6071	-61
6072	-61
6073	-61
6074	-61
6075	-61
6076	-61
6077	-61
6078	-61
6079	-61
6080	-61
6081	-61
6082	-61
6083	-61
6084	-61
6085	-61
6086	-61
6087	-61
6088	-61
6089	-61
6090	-61
6091	-61
6092	-61
6093	-61
6094	-61
6095	-61
6096	-61
6097	-61
6098	-61
6099	-61
6100	-61
6101	-61
6102	-61
6103	-61
6104	-61
6105	-61
6106	-62
6107	-62
6108	-62
6109	-62
6110	-62
6111	-62
6112	-62
6113	-62
6114	-62
6115	-63
6116	-63
6117	-63
6118	-63
6119	-63
6120	-63
6121	-63
6122	-63
6123	-63
6124	-63
6125	-63
6126	-63
6127	-64
6128	-64
6129	-64
6130	-64
6131	-64
6132	-64
6133	-64
6134	-64
6135	-64
6136	-64
6137	-64
6138	-64
6139	-64
6140	-64
6141	-64
6142	-64
6143	-65
6144	-65
6145	-65
6146	-65
6147	-65
6148	-65
6149	-65
6150	-65
6151	-65
6152	-65
6153	-65
6154	-65
6155	-65
6156	-65
6157	-65
6158	-65
6159	-65
6160	-65
6161	-65
6162	-65
6163	-65
6164	-65
6165	-66
6166	-66
6167	-66
6168	-66
6169	-66
6170	-66
6171	-66
6172	-66
6173	-66
6174	-66
6175	-66
6176	-66
6177	-66
6178	-66
6179	-66
6180	-66
6181	-66
6182	-66
6183	-66
6184	-66
6185	-66
6186	-66
6187	-66
6188	-66
6189	-66
6190	-66
6191	-66
6192	-66
6193	-66
6194	-67
6195	-67
6196	-67
6197	-67
6198	-67
6199	-67
6200	-67
6201	-67
6202	-67
6203	-67
6204	-67
6205	-67
6206	-67
6207	-67
6208	-67
6209	-67
6210	-67
6211	-67
6212	-67
6213	-67
6214	-67
6215	-67
6216	-67
6217	-67
6218	-67
6219	-67
6220	-67
6221	-67
6222	-67
6223	-67
6224	-67
6225	-67
6226	-67
6227	-67
6228	-67
6229	-67
6230	-67
6231	-67
6232	-67
6233	-67
6234	-67
6235	-67
6236	-67
6237	-67
6238	-67
6239	-67
6240	-67
6241	-67
6242	-67
6243	-67
6244	-67
6245	-67
6246	-67
6247	-67
6248	-67
6249	-67
6250	-67
6251	-67
6252	-67
6253	-67
6254	-67
6255	-67
6256	-67
6257	-67
6258	-67
6259	-67
6260	-67
6261	-67
6262	-67
6263	-67
6264	-67
6265	-67
6266	-67
6267	-67
6268	-67
6269	-67
6270	-67
6271	-67
6272	-67
6273	-67
6274	-67
6275	-67
6276	-67
6277	-67
6278	-67
6279	-67
6280	-67
6281	-67
6282	-67
6283	-67
6284	-67
6285	-67
6286	-67
6287	-67
6288	-67
6289	-67
6290	-67
6291	-67
6292	-67
6293	-67
6294	-67
6295	-67
6296	-67
6297	-67
6298	-67
6299	-67
6300	-67
6301	-67
6302	-67
6303	-67
6304	-67
6305	-67
6306	-67
6307	-67
6308	-67
6309	-67
6310	-67
6311	-67
6312	-67
6313	-67
6314	-67
6315	-68
6316	-68
6317	-68
6318	-68
6319	-68
6320	-68
6321	-68
6322	-68
6323	-68
6324	-68
6325	-68
6326	-68
6327	-68
6328	-68
6329	-68
6330	-68
6331	-68
6332	-68
6333	-68
6334	-68
6335	-68
6336	-68
6337	-68
6338	-68
6339	-68
6340	-68
6341	-68
6342	-68
6343	-68
6344	-68
6345	-68
6346	-69
6347	-69
6348	-69
6349	-69
6350	-69
6351	-69
6352	-69
6353	-69
6354	-69
6355	-69
6356	-69
6357	-69
6358	-69
6359	-69
6360	-69
6361	-69
6362	-69
6363	-69
6364	-69
6365	-69
6366	-69
6367	-69
6368	-69
6369	-69
6370	-69
6371	-69
6372	-69
6373	-69
6374	-69
6375	-69
6376	-69
6377	-69
6378	-69
6379	-69
6380	-69
6381	-69
6382	-69
6383	-69
6384	-69
6385	-69
6386	-69
6387	-69
6388	-69
6389	-69
6390	-69
6391	-69
6392	-69
6393	-69
6394	-69
6395	-69
6396	-69
6397	-69
6398	-69
6399	-69
6400	-69
6401	-69
6402	-69
6403	-69
6404	-69
6405	-69
6406	-69
6407	-69
6408	-69
6409	-69
6410	-69
6411	-69
6412	-69
6413	-69
6414	-69
6415	-69
6416	-69
6417	-69
6418	-69
6419	-69
6420	-69
6421	-70
6422	-70
6423	-70
6424	-70
6425	-70
6426	-70
6427	-70
6428	-70
6429	-70
6430	-70
6431	-70
6432	-70
6433	-70
6434	-70
6435	-70
6436	-70
6437	-70
6438	-70
6439	-71
6440	-71
6441	-71
6442	-71
6443	-71
6444	-71
6445	-71
6446	-71
6447	-71
6448	-71
6449	-71
6450	-71
6451	-71
6452	-71
6453	-71
6454	-71
6455	-71
6456	-71
6457	-71
6458	-71
6459	-71
6460	-71
6461	-71
6462	-71
6463	-71
6464	-71
6465	-71
6466	-71
6467	-71
6468	-71
6469	-71
6470	-71
6471	-71
6472	-71
6473	-71
6474	-71
6475	-71
6476	-71
6477	-71
6478	-71
6479	-71
6480	-71
6481	-71
6482	-71
6483	-71
6484	-71
6485	-71
6486	-71
6487	-71
6488	-71
6489	-72
6490	-72
6491	-72
6492	-72
6493	-72
6494	-72
6495	-72
6496	-72
6497	-72
6498	-72
6499	-72
6500	-72
6501	-72
6502	-72
6503	-72
6504	-72
6505	-72
6506	-72
6507	-72
6508	-72
6509	-72
6510	-72
6511	-72
6512	-72
6513	-72
6514	-72
6515	-72
6516	-72
6517	-72
6518	-72
6519	-72
6520	-72
6521	-72
6522	-72
6523	-72
6524	-72
6525	-72
6526	-72
6527	-72
6528	-72
6529	-72
6530	-72
6531	-72
6532	-72
6533	-72
6534	-72
6535	-72
6536	-72
6537	-72
6538	-72
6539	-72
6540	-72
6541	-72
6542	-72
6543	-72
6544	-72
6545	-72
6546	-72
6547	-72
6548	-72
6549	-72
6550	-72
6551	-72
6552	-72
6553	-72
6554	-72
6555	-72
6556	-72
6557	-72
6558	-72
6559	-72
6560	-72
6561	-72
6562	-72
6563	-72
6564	-72
6565	-72
6566	-72
6567	-72
6568	-72
6569	-72
6570	-72
6571	-72
6572	-72
6573	-72
6574	-72
6575	-72
6576	-72
6577	-72
6578	-72
6579	-72
6580	-72
6581	-72
6582	-72
6583	-72
6584	-72
6585	-72
6586	-72
6587	-72
6588	-72
6589	-72
6590	-72
6591	-72
6592	-72
6593	-72
6594	-72
6595	-72
6596	-72
6597	-72
6598	-72
6599	-72
6600	-72
6601	-72
6602	-72
6603	-72
6604	-72
6605	-72
6606	-72
6607	-72
6608	-72
6609	-72
6610	-72
6611	-72
6612	-72
6613	-72
6614	-72
6615	-72
6616	-72
6617	-72
6618	-72
6619	-72
6620	-72
6621	-72
6622	-72
6623	-72
6624	-72
6625	-72
6626	-72
6627	-72
6628	-72
6629	-72
6630	-72
6631	-72
6632	-72
6633	-72
6634	-72
6635	-72
6636	-72
6637	-72
6638	-72
6639	-72
6640	-72
6641	-72
6642	-72
6643	-72
6644	-72
6645	-72
6646	-72
6647	-72
6648	-72
6649	-72
6650	-72
6651	-72
6652	-72
6653	-72
6654	-72
6655	-72
6656	-72
6657	-72
6658	-72
6659	-72
6660	-72
6661	-72
6662	-72
6663	-72
6664	-72
6665	-72
6666	-72
6667	-72
6668	-72
6669	-72
6670	-72
6671	-72
6672	-72
6673	-72
6674	-72
6675	-72
6676	-72
6677	-72
6678	-72
6679	-72
6680	-72
6681	-72
6682	-72
6683	-72
6684	-72
6685	-72
6686	-72
6687	-72
6688	-72
6689	-72
6690	-72
6691	-72
6692	-72
6693	-72
6694	-72
6695	-72
6696	-72
6697	-72
6698	-73
6699	-73
6700	-73
6701	-73
6702	-73
6703	-73
6704	-73
6705	-73
6706	-73
6707	-73
6708	-73
6709	-73
6710	-73
6711	-73
6712	-73
6713	-73
6714	-73
6715	-73
6716	-73
6717	-73
6718	-73
6719	-73
6720	-73
6721	-73
6722	-73
6723	-73
6724	-73
6725	-74
6726	-74
6727	-74
6728	-74
6729	-74
6730	-74
6731	-74
6732	-74
6733	-74
6734	-75
6735	-75
6736	-75
6737	-75
6738	-75
6739	-75
6740	-75
6741	-75
6742	-75
6743	-76
6744	-76
6745	-76
6746	-76
6747	-76
6748	-76
6749	-76
6750	-76
6751	-76
6752	-76
6753	-76
6754	-76
6755	-76
6756	-76
6757	-76
6758	-76
6759	-76
6760	-76
6761	-76
6762	-76
6763	-76
6764	-76
6765	-76
6766	-76
6767	-76
6768	-76
6769	-76
6770	-76
6771	-77
6772	-77
6773	-77
6774	-77
6775	-77
6776	-77
6777	-77
6778	-77
6779	-77
6780	-77
6781	-77
6782	-77
6783	-77
6784	-77
6785	-77
6786	-77
6787	-77
6788	-77
6789	-77
6790	-77
6791	-77
6792	-77
6793	-77
6794	-77
6795	-77
6796	-77
6797	-77
6798	-77
6799	-77
6800	-77
6801	-77
6802	-77
6803	-77
6804	-77
6805	-77
6806	-77
6807	-77
6808	-77
6809	-77
6810	-77
6811	-78
6812	-78
6813	-78
6814	-78
6815	-78
6816	-78
6817	-78
6818	-78
6819	-78
6820	-78
6821	-78
6822	-78
6823	-78
6824	-78
6825	-78
6826	-78
6827	-78
6828	-78
6829	-78
6830	-78
6831	-78
6832	-78
6833	-78
6834	-78
6835	-78
6836	-78
6837	-79
6838	-79
6839	-79
6840	-79
6841	-79
6842	-79
6843	-79
6844	-79
6845	-79
6846	-79
6847	-80
6848	-80
6849	-80
6850	-80
6851	-80
6852	-80
6853	-80
6854	-80
6855	-80
6856	-80
6857	-80
6858	-80
6859	-81
6860	-81
6861	-81
6862	-81
6863	-81
6864	-81
6865	-81
6866	-81
6867	-81
6868	-81
6869	-81
6870	-81
6871	-81
6872	-82
6873	-82
6874	-82
6875	-82
6876	-82
6877	-81
6878	-81
6879	-81
6880	-81
6881	-81
6882	-81
6883	-81
6884	-81
6885	-81
6886	-81
6887	-81
6888	-81
6889	-82
6890	-82
6891	-82
6892	-82
6893	-82
6894	-82
6895	-82
6896	-82
6897	-82
6898	-82
6899	-82
6900	-82
6901	-82
6902	-82
6903	-82
6904	-82
6905	-82
6906	-82
6907	-82
6908	-82
6909	-82
6910	-82
6911	-82
6912	-82
6913	-82
6914	-82
6915	-82
6916	-82
6917	-82
6918	-82
6919	-82
6920	-82
6921	-82
6922	-82
6923	-82
6924	-82
6925	-82
6926	-82
6927	-82
6928	-82
6929	-82
6930	-82
6931	-82
6932	-82
6933	-82
6934	-82
6935	-82
6936	-82
6937	-82
6938	-82
6939	-82
6940	-82
6941	-82
6942	-82
6943	-82
6944	-82
6945	-82
6946	-82
6947	-82
6948	-82
6949	-82
6950	-82
6951	-82
6952	-82
6953	-82
6954	-82
6955	-82
6956	-82
6957	-82
6958	-82
6959	-82
6960	-82
6961	-82
6962	-82
6963	-82
6964	-82
6965	-82
6966	-82
6967	-82
6968	-82
6969	-82
6970	-82
6971	-82
6972	-82
6973	-82
6974	-82
6975	-82
6976	-82
6977	-82
6978	-82
6979	-82
6980	-82
6981	-82
6982	-82
6983	-82
6984	-82
6985	-82
6986	-82
6987	-82
6988	-82
6989	-82
6990	-82
6991	-82
6992	-82
6993	-82
6994	-82
6995	-82
6996	-82
6997	-82
6998	-82
6999	-82
7000	-82
7001	-82
7002	-82
7003	-82
7004	-82
7005	-82
7006	-82
7007	-82
7008	-82
7009	-82
7010	-82
7011	-82
7012	-82
7013	-82
7014	-82
7015	-82
7016	-82
7017	-82
7018	-82
7019	-82
7020	-82
7021	-82
7022	-82
7023	-82
7024	-82
7025	-82
7026	-82
7027	-82
7028	-82
7029	-82
7030	-82
7031	-82
7032	-82
7033	-82
7034	-82
7035	-82
7036	-82
7037	-82
7038	-82
7039	-82
7040	-82
7041	-82
7042	-82
7043	-82
7044	-82
7045	-82
7046	-82
7047	-82
7048	-82
7049	-82
7050	-82
7051	-82
7052	-82
7053	-82
7054	-82
7055	-82
7056	-82
7057	-82
7058	-82
7059	-82
7060	-82
7061	-82
7062	-81
7063	-81
7064	-81
7065	-81
7066	-81
7067	-81
7068	-81
7069	-81
7070	-81
7071	-81
7072	-81
7073	-81
7074	-81
7075	-81
7076	-81
7077	-81
7078	-81
7079	-81
7080	-81
7081	-81
7082	-81
7083	-81
7084	-81
7085	-81
7086	-81
7087	-81
7088	-81
7089	-81
7090	-81
7091	-81
7092	-81
7093	-82
7094	-82
7095	-82
7096	-82
7097	-82
7098	-82
7099	-82
7100	-82
7101	-82
7102	-82
7103	-83
7104	-83
7105	-83
7106	-83
7107	-83
7108	-83
7109	-83
7110	-83
7111	-83
7112	-83
7113	-83
7114	-83
7115	-83
7116	-83
7117	-83
7118	-83
7119	-83
7120	-83
7121	-83
7122	-83
7123	-83
7124	-83
7125	-83
7126	-83
7127	-83
7128	-84
7129	-84
7130	-84
7131	-84
7132	-84
7133	-84
7134	-84
7135	-84
7136	-84
7137	-84
7138	-84
7139	-84
7140	-84
7141	-84
7142	-84
7143	-84
7144	-84
7145	-84
7146	-84
7147	-84
7148	-84
7149	-84
7150	-84
7151	-84
7152	-84
7153	-84
7154	-84
7155	-84
7156	-84
7157	-84
7158	-84
7159	-84
7160	-84
7161	-84
7162	-84
7163	-84
7164	-84
7165	-84
7166	-84
7167	-84
7168	-84
7169	-84
7170	-84
7171	-84
7172	-84
7173	-84
7174	-84
7175	-84
7176	-84
7177	-84
7178	-84
7179	-84
7180	-84
7181	-84
7182	-84
7183	-84
7184	-84
7185	-84
7186	-85
7187	-85
7188	-85
7189	-85
7190	-85
7191	-85
7192	-85
7193	-85
7194	-85
7195	-85
7196	-85
7197	-85
7198	-85
7199	-85
7200	-86
7201	-86
7202	-86
7203	-86
7204	-86
7205	-86
7206	-86
7207	-86
7208	-86
7209	-86
7210	-86
7211	-86
7212	-86
7213	-86
7214	-86
7215	-86
7216	-86
7217	-86
7218	-86
7219	-86
7220	-86
7221	-86
7222	-87
7223	-87
7224	-87
7225	-87
7226	-87
7227	-87
7228	-87
7229	-87
7230	-87
7231	-87
7232	-87
7233	-87
7234	-87
7235	-87
7236	-87
7237	-87
7238	-87
7239	-87
7240	-87
7241	-87
7242	-87
7243	-87
7244	-87
7245	-87
7246	-87
7247	-87
7248	-87
7249	-87
7250	-87
7251	-87
7252	-87
7253	-87
7254	-87
7255	-87
7256	-87
7257	-87
7258	-87
7259	-87
7260	-87
7261	-87
7262	-87
7263	-87
7264	-87
7265	-87
7266	-87
7267	-87
7268	-87
7269	-87
7270	-87
7271	-87
7272	-87
7273	-87
7274	-87
7275	-87
7276	-87
7277	-87
7278	-87
7279	-87
7280	-87
7281	-87
7282	-87
7283	-87
7284	-87
7285	-87
7286	-87
7287	-87
7288	-87
7289	-87
7290	-87
7291	-87
7292	-87
7293	-87
7294	-87
7295	-87
7296	-88
7297	-88
7298	-88
7299	-88
7300	-88
7301	-88
7302	-88
7303	-88
7304	-88
7305	-88
7306	-88
7307	-88
7308	-88
7309	-88
7310	-88
7311	-88
7312	-88
7313	-88
7314	-88
7315	-88
7316	-88
7317	-89
7318	-89
7319	-89
7320	-89
7321	-89
7322	-89
7323	-89
7324	-89
7325	-89
7326	-89
7327	-89
7328	-89
7329	-89
7330	-89
7331	-89
7332	-89
7333	-89
7334	-89
7335	-89
7336	-89
7337	-89
7338	-89
7339	-89
7340	-89
7341	-89
7342	-89
7343	-89
7344	-89
7345	-89
7346	-90
7347	-90
7348	-90
7349	-90
7350	-90
7351	-90
7352	-90
7353	-90
7354	-90
7355	-90
7356	-90
7357	-90
7358	-90
7359	-90
7360	-90
7361	-90
7362	-90
7363	-90
7364	-90
7365	-90
7366	-90
7367	-90
7368	-90
7369	-90
7370	-90
7371	-90
7372	-90
7373	-90
7374	-90
7375	-90
7376	-90
7377	-90
7378	-90
7379	-90
7380	-90
7381	-90
7382	-90
7383	-90
7384	-90
7385	-90
7386	-90
7387	-90
7388	-90
7389	-90
7390	-90
7391	-90
7392	-90
7393	-90
7394	-90
7395	-90
7396	-90
7397	-90
7398	-90
7399	-90
7400	-90
7401	-90
7402	-90
7403	-90
7404	-90
7405	-90
7406	-90
7407	-90
7408	-90
7409	-90
7410	-90
7411	-90
7412	-90
7413	-90
7414	-90
7415	-90
7416	-90
7417	-90
7418	-90
7419	-90
7420	-90
7421	-90
7422	-90
7423	-90
7424	-90
7425	-90
7426	-91
7427	-91
7428	-91
7429	-91
7430	-91
7431	-91
7432	-92
7433	-92
7434	-92
7435	-92
7436	-92
7437	-93
7438	-93
7439	-93
7440	-93
7441	-93
7442	-93
7443	-93
7444	-93
7445	-93
7446	-93
7447	-93
7448	-93
7449	-93
7450	-93
7451	-93
7452	-93
7453	-93
7454	-93
7455	-93
7456	-93
7457	-93
7458	-93
7459	-93
7460	-93
7461	-93
7462	-93
7463	-93
7464	-93
7465	-93
7466	-93
7467	-93
7468	-93
7469	-93
7470	-93
7471	-93
7472	-94
7473	-94
7474	-94
7475	-94
7476	-94
7477	-94
7478	-94
7479	-94
7480	-94
7481	-94
7482	-94
7483	-94
7484	-94
7485	-94
7486	-94
7487	-94
7488	-94
7489	-94
7490	-94
7491	-94
7492	-94
7493	-94
7494	-94
7495	-94
7496	-94
7497	-94
7498	-94
7499	-94
7500	-94
7501	-95
7502	-95
7503	-95
7504	-95
7505	-95
7506	-95
7507	-95
7508	-96
7509	-96
7510	-96
7511	-96
7512	-96
7513	-96
7514	-96
7515	-96
7516	-96
7517	-96
7518	-96
7519	-96
7520	-96
7521	-96
7522	-96
7523	-96
7524	-96
7525	-96
7526	-96
7527	-96
7528	-96
7529	-97
7530	-97
7531	-97
7532	-97
7533	-97
7534	-97
7535	-98
7536	-98
7537	-98
7538	-98
7539	-98
7540	-98
7541	-98
7542	-98
7543	-98
7544	-98
7545	-98
7546	-98
7547	-98
7548	-98
7549	-98
7550	-98
7551	-98
7552	-98
7553	-98
7554	-98
7555	-98
7556	-98
7557	-98
7558	-98
7559	-98
7560	-98
7561	-98
7562	-98
7563	-98
7564	-98
7565	-98
7566	-98
7567	-98
7568	-98
7569	-98
7570	-98
7571	-98
7572	-98
7573	-98
7574	-98
7575	-98
7576	-98
7577	-98
7578	-98
7579	-98
7580	-98
7581	-98
7582	-98
7583	-98
7584	-98
7585	-98
7586	-98
7587	-98
7588	-98
7589	-98
7590	-98
7591	-98
7592	-98
7593	-98
7594	-98
7595	-98
7596	-98
7597	-98
7598	-98
7599	-98
7600	-98
7601	-98
7602	-98
7603	-98
7604	-98
7605	-98
7606	-98
7607	-98
7608	-98
7609	-98
7610	-98
7611	-98
7612	-98
7613	-98
7614	-98
7615	-98
7616	-98
7617	-98
7618	-98
7619	-98
7620	-98
7621	-98
7622	-98
7623	-98
7624	-98
7625	-98
7626	-98
7627	-98
7628	-98
7629	-98
7630	-98
7631	-98
7632	-98
7633	-98
7634	-98
7635	-98
7636	-98
7637	-98
7638	-98
7639	-98
7640	-98
7641	-98
7642	-98
7643	-98
7644	-98
7645	-98
7646	-98
7647	-98
7648	-98
7649	-98
7650	-98
7651	-98
7652	-98
7653	-98
7654	-98
7655	-98
7656	-98
7657	-98
7658	-98
7659	-98
7660	-98
7661	-98
7662	-98
7663	-98
7664	-99
7665	-99
7666	-99
7667	-99
7668	-99
7669	-99
7670	-99
7671	-99
7672	-99
7673	-99
7674	-99
7675	-99
7676	-99
7677	-99
7678	-99
7679	-99
7680	-100
7681	-100
7682	-100
7683	-100
7684	-100
7685	-100
7686	-100
7687	-100
7688	-100
7689	-100
7690	-100
7691	-100
7692	-100
7693	-100
7694	-99
7695	-99
7696	-99
7697	-99
7698	-99
7699	-99
7700	-99
7701	-99
7702	-99
7703	-99
7704	-99
7705	-99
7706	-99
7707	-99
7708	-99
7709	-99
7710	-99
7711	-99
7712	-99
7713	-99
7714	-99
7715	-99
7716	-99
7717	-99
7718	-99
7719	-99
7720	-99
7721	-99
7722	-99
7723	-99
7724	-99
7725	-99
7726	-99
7727	-99
7728	-99
7729	-99
7730	-99
7731	-99
7732	-99
7733	-99
7734	-99
7735	-99
7736	-99
7737	-99
7738	-99
7739	-99
7740	-99
7741	-99
7742	-99
7743	-99
7744	-99
7745	-99
7746	-99
7747	-99
7748	-99
7749	-99
7750	-99
7751	-99
7752	-99
7753	-99
7754	-99
7755	-99
7756	-99
7757	-99
7758	-99
7759	-99
7760	-99
7761	-99
7762	-99
7763	-99
7764	-99
7765	-99
7766	-99
7767	-99
7768	-99
7769	-99
7770	-99
7771	-99
7772	-99
7773	-99
7774	-99
7775	-99
7776	-99
7777	-99
7778	-99
7779	-99
7780	-99
7781	-99
7782	-99
7783	-99
7784	-99
7785	-99
7786	-99
7787	-99
7788	-99
7789	-99
7790	-99
7791	-99
7792	-99
7793	-99
7794	-99
7795	-99
7796	-99
7797	-99
7798	-99
7799	-99
7800	-99
7801	-99
7802	-99
7803	-99
7804	-99
7805	-99
7806	-99
7807	-99
7808	-99
7809	-99
7810	-99
7811	-99
7812	-99
7813	-99
7814	-99
7815	-99
7816	-99
7817	-99
7818	-99
7819	-99
7820	-99
7821	-99
7822	-99
7823	-99
7824	-99
7825	-99
7826	-99
7827	-99
7828	-99
7829	-99
7830	-99
7831	-99
7832	-99
7833	-99
7834	-99
7835	-99
7836	-99
7837	-99
7838	-99
7839	-99
7840	-99
7841	-99
7842	-99
7843	-99
7844	-99
7845	-99
7846	-99
7847	-99
7848	-99
7849	-99
7850	-99
7851	-99
7852	-99
7853	-100
7854	-100
7855	-100
7856	-100
7857	-100
7858	-100
7859	-100
7860	-100
7861	-100
7862	-100
7863	-100
7864	-100
7865	-100
7866	-100
7867	-100
7868	-100
7869	-100
7870	-100
7871	-100
7872	-100
7873	-100
7874	-100
7875	-100
7876	-100
7877	-100
7878	-100
7879	-100
7880	-100
7881	-100
7882	-100
7883	-100
7884	-100
7885	-100
7886	-100
7887	-100
7888	-100
7889	-100
7890	-100
7891	-100
7892	-100
7893	-100
7894	-100
7895	-100
7896	-100
7897	-100
7898	-100
7899	-100
7900	-100
7901	-100
7902	-100
7903	-100
7904	-100
7905	-100
7906	-100
7907	-100
7908	-100
7909	-100
7910	-100
7911	-100
7912	-100
7913	-100
7914	-100
7915	-100
7916	-100
7917	-100
7918	-100
7919	-100
7920	-100
7921	-100
7922	-100
7923	-100
7924	-100
7925	-100
7926	-101
7927	-101
7928	-101
7929	-101
7930	-101
7931	-101
7932	-101
7933	-101
7934	-101
7935	-101
7936	-101
7937	-101
7938	-101
7939	-101
7940	-101
7941	-101
7942	-102
7943	-102
7944	-102
7945	-102
7946	-102
7947	-102
7948	-102
7949	-102
7950	-102
7951	-102
7952	-102
7953	-102
7954	-102
7955	-102
7956	-102
7957	-102
7958	-102
7959	-102
7960	-102
7961	-102
7962	-102
7963	-102
7964	-102
7965	-102
7966	-102
7967	-102
7968	-102
7969	-102
7970	-102
7971	-102
7972	-102
7973	-102
7974	-102
7975	-102
7976	-102
7977	-102
7978	-102
7979	-102
7980	-102
7981	-102
7982	-102
7983	-102
7984	-102
7985	-102
7986	-102
7987	-102
7988	-102
7989	-102
7990	-102
7991	-102
7992	-102
7993	-102
7994	-102
7995	-102
7996	-102
7997	-102
7998	-102
7999	-102
8000	-102
8001	-102
8002	-102
8003	-102
8004	-102
8005	-102
8006	-102
8007	-102
8008	-102
8009	-102
8010	-102
8011	-102
8012	-102
8013	-103
8014	-103
8015	-103
8016	-103
8017	-103
8018	-103
8019	-103
8020	-103
8021	-103
8022	-103
8023	-103
8024	-103
8025	-103
8026	-103
8027	-103
8028	-103
8029	-103
8030	-103
8031	-103
8032	-103
8033	-103
8034	-103
8035	-103
8036	-103
8037	-103
8038	-103
8039	-103
8040	-103
8041	-103
8042	-103
8043	-103
8044	-103
8045	-103
8046	-103
8047	-103
8048	-103
8049	-103
8050	-103
8051	-103
8052	-103
8053	-103
8054	-103
8055	-103
8056	-103
8057	-103
8058	-103
8059	-103
8060	-103
8061	-103
8062	-103
8063	-103
8064	-103
8065	-103
8066	-103
8067	-103
8068	-103
8069	-103
8070	-103
8071	-103
8072	-103
8073	-103
8074	-103
8075	-103
8076	-103
8077	-103
8078	-103
8079	-103
8080	-102
8081	-102
8082	-102
8083	-102
8084	-102
8085	-102
8086	-102
8087	-102
8088	-102
8089	-102
8090	-102
8091	-102
8092	-102
8093	-102
8094	-102
8095	-102
8096	-102
8097	-102
8098	-102
8099	-102
8100	-102
8101	-102
8102	-102
8103	-102
8104	-102
8105	-102
8106	-102
8107	-102
8108	-102
8109	-102
8110	-102
8111	-102
8112	-102
8113	-102
8114	-102
8115	-102
8116	-102
8117	-102
8118	-102
8119	-102
8120	-102
8121	-102
8122	-102
8123	-102
8124	-102
8125	-102
8126	-102
8127	-102
8128	-102
8129	-102
8130	-102
8131	-102
8132	-102
8133	-102
8134	-102
8135	-102
8136	-102
8137	-102
8138	-102
8139	-102
8140	-102
8141	-102
8142	-102
8143	-102
8144	-102
8145	-102
8146	-102
8147	-102
8148	-102
8149	-102
8150	-102
8151	-102
8152	-102
8153	-102
8154	-102
8155	-102
8156	-102
8157	-102
8158	-102
8159	-102
8160	-102
8161	-102
8162	-102
8163	-102
8164	-102
8165	-102
8166	-102
8167	-102
8168	-102
8169	-102
8170	-102
8171	-102
8172	-102
8173	-102
8174	-102
8175	-102
8176	-102
8177	-102
8178	-102
8179	-102
8180	-102
8181	-102
8182	-102
8183	-102
8184	-102
8185	-102
8186	-102
8187	-102
8188	-102
8189	-102
8190	-102
8191	-102
8192	-102
8193	-103
8194	-103
8195	-103
8196	-103
8197	-103
8198	-103
8199	-103
8200	-103
8201	-103
8202	-103
8203	-103
8204	-103
8205	-103
8206	-103
8207	-103
8208	-103
8209	-103
8210	-103
8211	-103
8212	-103
8213	-103
8214	-103
8215	-103
8216	-103
8217	-103
8218	-103
8219	-103
8220	-103
8221	-103
8222	-103
8223	-103
8224	-103
8225	-103
8226	-103
8227	-103
8228	-103
8229	-103
8230	-102
8231	-102
8232	-102
8233	-102
8234	-102
8235	-102
8236	-102
8237	-102
8238	-102
8239	-102
8240	-102
8241	-102
8242	-102
8243	-103
8244	-103
8245	-103
8246	-103
8247	-103
8248	-103
8249	-103
8250	-103
8251	-103
8252	-103
8253	-103
8254	-103
8255	-103
8256	-103
8257	-103
8258	-104
8259	-104
8260	-104
8261	-104
8262	-104
8263	-104
8264	-104
8265	-104
8266	-104
8267	-104
8268	-104
8269	-104
8270	-104
8271	-104
8272	-104
8273	-104
8274	-104
8275	-104
8276	-104
8277	-104
8278	-104
8279	-104
8280	-104
8281	-104
8282	-104
8283	-104
8284	-104
8285	-104
8286	-104
8287	-104
8288	-104
8289	-104
8290	-104
8291	-104
8292	-104
8293	-104
8294	-104
8295	-104
8296	-104
8297	-104
8298	-104
8299	-104
8300	-104
8301	-104
8302	-104
8303	-104
8304	-104
8305	-104
8306	-104
8307	-104
8308	-104
8309	-104
8310	-104
8311	-104
8312	-104
8313	-104
8314	-104
8315	-104
8316	-104
8317	-104
8318	-104
8319	-104
8320	-104
8321	-104
8322	-104
8323	-104
8324	-104
8325	-104
8326	-104
8327	-104
8328	-104
8329	-104
8330	-104
8331	-104
8332	-104
8333	-104
8334	-104
8335	-104
8336	-104
8337	-104
8338	-104
8339	-104
8340	-104
8341	-104
8342	-104
8343	-104
8344	-104
8345	-104
8346	-104
8347	-104
8348	-104
8349	-104
8350	-104
8351	-104
8352	-104
8353	-104
8354	-104
8355	-104
8356	-104
8357	-104
8358	-104
8359	-104
8360	-104
8361	-104
8362	-104
8363	-104
8364	-104
8365	-104
8366	-104
8367	-104
8368	-104
8369	-104
8370	-104
8371	-104
8372	-104
8373	-104
8374	-104
8375	-104
8376	-104
8377	-104
8378	-104
8379	-104
8380	-104
8381	-104
8382	-104
8383	-104
8384	-104
8385	-104
8386	-104
8387	-104
8388	-104
8389	-104
8390	-104
8391	-104
8392	-104
8393	-104
8394	-104
8395	-104
8396	-104
8397	-105
8398	-105
8399	-106
8400	-106
8401	-106
8402	-106
8403	-106
8404	-106
8405	-106
8406	-106
8407	-106
8408	-105
8409	-105
8410	-105
8411	-105
8412	-105
8413	-105
8414	-105
8415	-105
8416	-105
8417	-105
8418	-105
8419	-105
8420	-105
8421	-105
8422	-105
8423	-105
8424	-105
8425	-105
8426	-105
8427	-105
8428	-105
8429	-105
8430	-105
8431	-105
8432	-105
8433	-105
8434	-105
8435	-105
8436	-105
8437	-105
8438	-105
8439	-105
8440	-105
8441	-105
8442	-105
8443	-105
8444	-105
8445	-105
8446	-105
8447	-105
8448	-105
8449	-105
8450	-105
8451	-105
8452	-105
8453	-105
8454	-105
8455	-105
8456	-105
8457	-105
8458	-105
8459	-105
8460	-105
8461	-105
8462	-105
8463	-105
8464	-105
8465	-105
8466	-105
8467	-105
8468	-105
8469	-105
8470	-105
8471	-105
8472	-105
8473	-105
8474	-105
8475	-105
8476	-105
8477	-105
8478	-105
8479	-105
8480	-105
8481	-105
8482	-105
8483	-105
8484	-105
8485	-105
8486	-105
8487	-105
8488	-105
8489	-105
8490	-105
8491	-105
8492	-105
8493	-105
8494	-105
8495	-105
8496	-105
8497	-105
8498	-105
8499	-105
8500	-105
8501	-105
8502	-105
8503	-105
8504	-105
8505	-105
8506	-105
8507	-105
8508	-105
8509	-105
8510	-105
8511	-105
8512	-105
8513	-105
8514	-105
8515	-105
8516	-105
8517	-105
8518	-105
8519	-105
8520	-105
8521	-106
8522	-106
8523	-106
8524	-106
8525	-106
8526	-106
8527	-106
8528	-106
8529	-106
8530	-106
8531	-106
8532	-106
8533	-106
8534	-106
8535	-106
8536	-106
8537	-106
8538	-106
8539	-106
8540	-106
8541	-106
8542	-106
8543	-106
8544	-106
8545	-106
8546	-106
8547	-106
8548	-106
8549	-106
8550	-106
8551	-106
8552	-106
8553	-106
8554	-106
8555	-106
8556	-106
8557	-106
8558	-106
8559	-106
8560	-105
8561	-105
8562	-105
8563	-105
8564	-105
8565	-106
8566	-106
8567	-106
8568	-106
8569	-106
8570	-106
8571	-106
8572	-106
8573	-106
8574	-106
8575	-106
8576	-106
8577	-106
8578	-105
8579	-105
8580	-105
8581	-105
8582	-105
8583	-105
8584	-105
8585	-105
8586	-105
8587	-105
8588	-105
8589	-105
8590	-105
8591	-105
8592	-105
8593	-105
8594	-105
8595	-105
8596	-105
8597	-105
8598	-105
8599	-105
8600	-105
8601	-105
8602	-105
8603	-105
8604	-105
8605	-105
8606	-105
8607	-105
8608	-105
8609	-105
8610	-105
8611	-105
8612	-105
8613	-105
8614	-105
8615	-105
8616	-105
8617	-105
8618	-105
8619	-105
8620	-105
8621	-105
8622	-105
8623	-105
8624	-105
8625	-105
8626	-105
8627	-105
8628	-105
8629	-105
8630	-105
8631	-105
8632	-105
8633	-105
8634	-105
8635	-105
8636	-105
8637	-105
8638	-105
8639	-105
8640	-105
8641	-105
8642	-105
8643	-105
8644	-105
8645	-105
8646	-104
8647	-104
8648	-104
8649	-104
8650	-104
8651	-104
8652	-104
8653	-104
8654	-104
8655	-104
8656	-104
8657	-104
8658	-104
8659	-104
8660	-104
8661	-104
8662	-104
8663	-104
8664	-104
8665	-104
8666	-104
8667	-104
8668	-104
8669	-104
8670	-104
8671	-104
8672	-104
8673	-104
8674	-104
8675	-104
8676	-104
8677	-104
8678	-104
8679	-104
8680	-104
8681	-104
8682	-104
8683	-104
8684	-104
8685	-104
8686	-104
8687	-104
8688	-104
8689	-104
8690	-104
8691	-104
8692	-104
8693	-104
8694	-104
8695	-104
8696	-104
8697	-104
8698	-104
8699	-104
8700	-104
8701	-104
8702	-104
8703	-104
8704	-104
8705	-104
8706	-105
8707	-105
8708	-105
8709	-105
8710	-105
8711	-105
8712	-105
8713	-105
8714	-105
8715	-105
8716	-105
8717	-105
8718	-105
8719	-105
8720	-105
8721	-105
8722	-105
8723	-105
8724	-105
8725	-105
8726	-105
8727	-105
8728	-105
8729	-105
8730	-105
8731	-105
8732	-105
8733	-105
8734	-105
8735	-105
8736	-105
8737	-105
8738	-105
8739	-105
8740	-105
8741	-105
8742	-105
8743	-105
8744	-105
8745	-105
8746	-105
8747	-105
8748	-105
8749	-105
8750	-105
8751	-105
8752	-105
8753	-105
8754	-105
8755	-105
8756	-105
8757	-105
8758	-105
8759	-105
8760	-105
8761	-105
8762	-105
8763	-105
8764	-105
8765	-105
8766	-105
8767	-105
8768	-105
8769	-105
8770	-105
8771	-105
8772	-105
8773	-105
8774	-105
8775	-105
8776	-105
8777	-105
8778	-105
8779	-105
8780	-105
8781	-105
8782	-105
8783	-105
8784	-105
8785	-105
8786	-105
8787	-105
8788	-105
8789	-105
8790	-105
8791	-105
8792	-105
8793	-105
8794	-105
8795	-105
8796	-105
8797	-105
8798	-105
8799	-105
8800	-105
8801	-105
8802	-105
8803	-105
8804	-105
8805	-105
8806	-105
8807	-105
8808	-105
8809	-105
8810	-105
8811	-105
8812	-105
8813	-105
8814	-105
8815	-105
8816	-105
8817	-105
8818	-105
8819	-105
8820	-105
8821	-105
8822	-105
8823	-105
8824	-104
8825	-104
8826	-104
8827	-104
8828	-105
8829	-105
8830	-105
8831	-105
8832	-105
8833	-105
8834	-105
8835	-105
8836	-105
8837	-105
8838	-105
8839	-105
8840	-105
8841	-105
8842	-105
8843	-105
8844	-105
8845	-105
8846	-105
8847	-105
8848	-105
8849	-105
8850	-105
8851	-105
8852	-105
8853	-105
8854	-105
8855	-105
8856	-105
8857	-105
8858	-105
8859	-105
8860	-105
8861	-105
8862	-105
8863	-105
8864	-105
8865	-105
8866	-105
8867	-105
8868	-105
8869	-105
8870	-105
8871	-105
8872	-105
8873	-105
8874	-105
8875	-105
8876	-105
8877	-105
8878	-105
8879	-105
8880	-105
8881	-105
8882	-105
8883	-105
8884	-105
8885	-105
8886	-105
8887	-105
8888	-105
8889	-105
8890	-105
8891	-105
8892	-105
8893	-105
8894	-105
8895	-105
8896	-105
8897	-105
8898	-105
8899	-105
8900	-105
8901	-105
8902	-105
8903	-105
8904	-105
8905	-105
8906	-105
8907	-105
8908	-105
8909	-105
8910	-105
8911	-105
8912	-105
8913	-105
8914	-105
8915	-105
8916	-106
8917	-106
8918	-106
8919	-106
8920	-106
8921	-106
8922	-106
8923	-106
8924	-106
8925	-106
8926	-106
8927	-106
8928	-106
8929	-106
8930	-106
8931	-106
8932	-106
8933	-106
8934	-106
8935	-106
8936	-106
8937	-106
8938	-106
8939	-106
8940	-106
8941	-106
8942	-106
8943	-106
8944	-106
8945	-106
8946	-106
8947	-107
8948	-107
8949	-107
8950	-107
8951	-107
8952	-107
8953	-107
8954	-107
8955	-107
8956	-107
8957	-107
8958	-107
8959	-107
8960	-107
8961	-107
8962	-107
8963	-107
8964	-108
8965	-108
8966	-108
8967	-108
8968	-108
8969	-107
8970	-107
8971	-107
8972	-107
8973	-107
8974	-107
8975	-107
8976	-107
8977	-107
8978	-107
8979	-107
8980	-107
8981	-107
8982	-107
8983	-107
8984	-107
8985	-107
8986	-107
8987	-107
8988	-107
8989	-107
8990	-107
8991	-107
8992	-107
8993	-107
8994	-107
8995	-107
8996	-107
8997	-107
8998	-107
8999	-107
9000	-107
9001	-107
9002	-107
9003	-107
9004	-107
9005	-107
9006	-107
9007	-108
9008	-108
9009	-108
9010	-108
9011	-108
9012	-108
9013	-108
9014	-108
9015	-108
9016	-108
9017	-108
9018	-108
9019	-108
9020	-108
9021	-108
9022	-108
9023	-108
9024	-108
9025	-108
9026	-108
9027	-108
9028	-108
9029	-108
9030	-109
9031	-109
9032	-109
9033	-109
9034	-109
9035	-109
9036	-109
9037	-109
9038	-109
9039	-109
9040	-109
9041	-109
9042	-109
9043	-109
9044	-110
9045	-110
9046	-110
9047	-110
9048	-110
9049	-110
9050	-110
9051	-110
9052	-110
9053	-110
9054	-110
9055	-110
9056	-109
9057	-109
9058	-109
9059	-109
9060	-109
9061	-109
9062	-109
9063	-109
9064	-109
9065	-109
9066	-109
9067	-109
9068	-109
9069	-109
9070	-109
9071	-109
9072	-109
9073	-110
9074	-110
9075	-110
9076	-110
9077	-110
9078	-110
9079	-110
9080	-110
9081	-110
9082	-110
9083	-110
9084	-110
9085	-110
9086	-110
9087	-110
9088	-110
9089	-110
9090	-110
9091	-110
9092	-110
9093	-110
9094	-110
9095	-110
9096	-110
9097	-110
9098	-110
9099	-110
9100	-110
9101	-110
9102	-110
9103	-110
9104	-110
9105	-110
9106	-110
9107	-110
9108	-110
9109	-110
9110	-110
9111	-110
9112	-110
9113	-110
9114	-110
9115	-110
9116	-110
9117	-110
9118	-110
9119	-110
9120	-110
9121	-110
9122	-110
9123	-110
9124	-110
9125	-110
9126	-110
9127	-110
9128	-110
9129	-110
9130	-110
9131	-110
9132	-110
9133	-110
9134	-110
9135	-110
9136	-110
9137	-110
9138	-110
9139	-110
9140	-110
9141	-110
9142	-110
9143	-110
9144	-110
9145	-110
9146	-110
9147	-110
9148	-110
9149	-110
9150	-110
9151	-110
9152	-110
9153	-110
9154	-110
9155	-110
9156	-110
9157	-110
9158	-110
9159	-110
9160	-110
9161	-110
9162	-110
9163	-110
9164	-110
9165	-110
9166	-110
9167	-110
9168	-110
9169	-110
9170	-110
9171	-110
9172	-110
9173	-110
9174	-110
9175	-110
9176	-110
9177	-110
9178	-110
9179	-110
9180	-110
9181	-110
9182	-110
9183	-110
9184	-110
9185	-110
9186	-110
9187	-110
9188	-110
9189	-110
9190	-110
9191	-110
9192	-110
9193	-110
9194	-110
9195	-110
9196	-110
9197	-110
9198	-110
9199	-110
9200	-111
9201	-111
9202	-111
9203	-111
9204	-111
9205	-111
9206	-111
9207	-111
9208	-111
9209	-111
9210	-111
9211	-111
9212	-111
9213	-111
9214	-111
9215	-111
9216	-111
9217	-111
9218	-111
9219	-111
9220	-111
9221	-111
9222	-111
9223	-111
9224	-111
9225	-111
9226	-111
9227	-111
9228	-111
9229	-111
9230	-111
9231	-111
9232	-111
9233	-111
9234	-111
9235	-111
9236	-111
9237	-111
9238	-111
9239	-111
9240	-111
9241	-111
9242	-111
9243	-111
9244	-111
9245	-111
9246	-112
9247	-112
9248	-112
9249	-112
9250	-112
9251	-112
9252	-112
9253	-112
9254	-112
9255	-112
9256	-112
9257	-112
9258	-112
9259	-112
9260	-112
9261	-112
9262	-112
9263	-112
9264	-112
9265	-112
9266	-112
9267	-112
9268	-112
9269	-112
9270	-112
9271	-112
9272	-112
9273	-112
9274	-112
9275	-112
9276	-112
9277	-112
9278	-112
9279	-112
9280	-112
9281	-112
9282	-113
9283	-113
9284	-113
9285	-113
9286	-113
9287	-113
9288	-113
9289	-113
9290	-113
9291	-113
9292	-113
9293	-113
9294	-113
9295	-113
9296	-113
9297	-113
9298	-113
9299	-113
9300	-113
9301	-113
9302	-113
9303	-114
9304	-114
9305	-114
9306	-114
9307	-114
9308	-114
9309	-114
9310	-114
9311	-114
9312	-114
9313	-114
9314	-114
9315	-114
9316	-114
9317	-114
9318	-114
9319	-114
9320	-114
9321	-114
9322	-114
9323	-114
9324	-114
9325	-114
9326	-114
9327	-114
9328	-114
9329	-114
9330	-114
9331	-114
9332	-114
9333	-114
9334	-114
9335	-114
9336	-114
9337	-114
9338	-114
9339	-114
9340	-114
9341	-114
9342	-114
9343	-114
9344	-114
9345	-114
9346	-114
9347	-114
9348	-114
9349	-114
9350	-114
9351	-114
9352	-114
9353	-114
9354	-114
9355	-114
9356	-114
9357	-114
9358	-114
9359	-114
9360	-114
9361	-114
9362	-114
9363	-114
9364	-114
9365	-114
9366	-114
9367	-114
9368	-114
9369	-114
9370	-114
9371	-114
9372	-114
9373	-114
9374	-114
9375	-114
9376	-114
9377	-114
9378	-114
9379	-114
9380	-114
9381	-114
9382	-114
9383	-114
9384	-114
9385	-114
9386	-114
9387	-114
9388	-114
9389	-114
9390	-113
9391	-113
9392	-113
9393	-113
9394	-113
9395	-113
9396	-113
9397	-113
9398	-113
9399	-113
9400	-113
9401	-113
9402	-113
9403	-113
9404	-113
9405	-113
9406	-113
9407	-113
9408	-113
9409	-113
9410	-113
9411	-113
9412	-113
9413	-113
9414	-113
9415	-113
9416	-113
9417	-113
9418	-113
9419	-113
9420	-113
9421	-113
9422	-113
9423	-113
9424	-113
9425	-113
9426	-113
9427	-113
9428	-113
9429	-113
9430	-113
9431	-113
9432	-113
9433	-113
9434	-113
9435	-113
9436	-113
9437	-113
9438	-113
9439	-113
9440	-113
9441	-113
9442	-113
9443	-113
9444	-113
9445	-113
9446	-113
9447	-113
9448	-113
9449	-113
9450	-113
9451	-113
9452	-113
9453	-113
9454	-113
9455	-113
9456	-113
9457	-113
9458	-113
9459	-113
9460	-113
9461	-113
9462	-113
9463	-113
9464	-113
9465	-113
9466	-113
9467	-113
9468	-113
9469	-113
9470	-113
9471	-114
9472	-114
9473	-114
9474	-114
9475	-114
9476	-114
9477	-114
9478	-114
9479	-114
9480	-114
9481	-114
9482	-114
9483	-114
9484	-114
9485	-114
9486	-114
9487	-114
9488	-115
9489	-115
9490	-115
9491	-115
9492	-115
9493	-115
9494	-115
9495	-115
9496	-115
9497	-115
9498	-115
9499	-115
9500	-115
9501	-115
9502	-115
9503	-115
9504	-115
9505	-115
9506	-115
9507	-115
9508	-115
9509	-115
9510	-115
9511	-115
9512	-115
9513	-115
9514	-115
9515	-115
9516	-115
9517	-116
9518	-116
9519	-116
9520	-116
9521	-116
9522	-116
9523	-115
9524	-115
9525	-115
9526	-115
9527	-115
9528	-115
9529	-115
9530	-115
9531	-115
9532	-115
9533	-115
9534	-115
9535	-115
9536	-115
9537	-115
9538	-115
9539	-115
9540	-115
9541	-115
9542	-115
9543	-115
9544	-115
9545	-115
9546	-115
9547	-115
9548	-115
9549	-115
9550	-115
9551	-115
9552	-114
9553	-114
9554	-114
9555	-114
9556	-114
9557	-114
9558	-114
9559	-114
9560	-114
9561	-114
9562	-114
9563	-114
9564	-115
9565	-115
9566	-115
9567	-115
9568	-115
9569	-115
9570	-115
9571	-115
9572	-115
9573	-115
9574	-115
9575	-115
9576	-115
9577	-115
9578	-115
9579	-115
9580	-115
9581	-115
9582	-115
9583	-115
9584	-115
9585	-115
9586	-115
9587	-115
9588	-115
9589	-115
9590	-115
9591	-115
9592	-115
9593	-115
9594	-115
9595	-115
9596	-115
9597	-115
9598	-115
9599	-115
9600	-115
9601	-115
9602	-115
9603	-115
9604	-115
9605	-115
9606	-115
9607	-116
9608	-116
9609	-116
9610	-117
9611	-117
9612	-117
9613	-117
9614	-117
9615	-117
9616	-117
9617	-117
9618	-117
9619	-117
9620	-117
9621	-117
9622	-117
9623	-117
9624	-117
9625	-117
9626	-117
9627	-117
9628	-117
9629	-117
9630	-117
9631	-117
9632	-116
9633	-116
9634	-116
9635	-116
9636	-116
9637	-116
9638	-116
9639	-116
9640	-116
9641	-117
9642	-117
9643	-117
9644	-117
9645	-117
9646	-117
9647	-117
9648	-117
9649	-117
9650	-117
9651	-117
9652	-117
9653	-117
9654	-117
9655	-117
9656	-117
9657	-117
9658	-117
9659	-117
9660	-117
9661	-117
9662	-117
9663	-117
9664	-117
9665	-117
9666	-117
9667	-117
9668	-117
9669	-117
9670	-117
9671	-117
9672	-117
9673	-117
9674	-117
9675	-117
9676	-117
9677	-117
9678	-117
9679	-117
9680	-117
9681	-117
9682	-117
9683	-117
9684	-117
9685	-117
9686	-117
9687	-117
9688	-117
9689	-117
9690	-117
9691	-117
9692	-117
9693	-117
9694	-117
9695	-117
9696	-117
9697	-117
9698	-117
9699	-117
9700	-117
9701	-117
9702	-117
9703	-117
9704	-117
9705	-117
9706	-117
9707	-117
9708	-117
9709	-117
9710	-116
9711	-116
9712	-116
9713	-116
9714	-116
9715	-116
9716	-116
9717	-116
9718	-116
9719	-116
9720	-116
9721	-116
9722	-116
9723	-116
9724	-116
9725	-116
9726	-116
9727	-116
9728	-116
9729	-116
9730	-116
9731	-116
9732	-116
9733	-116
9734	-116
9735	-116
9736	-116
9737	-116
9738	-116
9739	-116
9740	-116
9741	-116
9742	-116
9743	-116
9744	-116
9745	-116
9746	-116
9747	-116
9748	-116
9749	-116
9750	-116
9751	-116
9752	-116
9753	-116
9754	-116
9755	-116
9756	-116
9757	-116
9758	-116
9759	-116
9760	-116
9761	-116
9762	-116
9763	-116
9764	-116
9765	-116
9766	-116
9767	-116
9768	-116
9769	-116
9770	-116
9771	-116
9772	-116
9773	-116
9774	-116
9775	-116
9776	-116
9777	-116
9778	-116
9779	-116
9780	-116
9781	-116
9782	-116
9783	-116
9784	-116
9785	-116
9786	-116
9787	-116
9788	-116
9789	-116
9790	-116
9791	-116
9792	-116
9793	-116
9794	-116
9795	-116
9796	-116
9797	-116
9798	-116
9799	-116
9800	-116
9801	-116
9802	-116
9803	-116
9804	-116
9805	-116
9806	-116
9807	-116
9808	-116
9809	-116
9810	-116
9811	-116
9812	-116
9813	-116
9814	-116
9815	-116
9816	-116
9817	-116
9818	-116
9819	-116
9820	-116
9821	-116
9822	-116
9823	-115
9824	-115
9825	-115
9826	-115
9827	-115
9828	-115
9829	-115
9830	-115
9831	-115
9832	-115
9833	-115
9834	-115
9835	-115
9836	-115
9837	-115
9838	-116
9839	-116
9840	-116
9841	-116
9842	-116
9843	-116
9844	-116
9845	-116
9846	-116
9847	-116
9848	-116
9849	-116
9850	-116
9851	-116
9852	-116
9853	-116
9854	-116
9855	-116
9856	-116
9857	-116
9858	-116
9859	-116
9860	-116
9861	-116
9862	-116
9863	-116
9864	-116
9865	-116
9866	-116
9867	-116
9868	-116
9869	-116
9870	-116
9871	-116
9872	-116
9873	-116
9874	-116
9875	-116
9876	-116
9877	-116
9878	-116
9879	-116
9880	-116
9881	-116
9882	-116
9883	-116
9884	-116
9885	-116
9886	-116
9887	-116
9888	-116
9889	-116
9890	-117
9891	-117
9892	-117
9893	-117
9894	-117
9895	-117
9896	-117
9897	-117
9898	-117
9899	-117
9900	-118
9901	-118
9902	-118
9903	-118
9904	-118
9905	-118
9906	-118
9907	-118
9908	-118
9909	-118
9910	-118
9911	-118
9912	-118
9913	-118
9914	-118
9915	-118
9916	-118
9917	-118
9918	-118
9919	-118
9920	-118
9921	-118
9922	-118
9923	-118
9924	-118
9925	-118
